
TI_BLOCK_LEVEL 20
TI_BUFFER_LEVEL 8
TI_HOLDOFF 1 10 0
TI_HOLDOFF 2 1 0
TI_HOLDOFF 3 1 0
TI_HOLDOFF 4 1 0
TI_INPUT_MASK 0 0 0 0 0 0
TI_INPUT_DELAY 1 0
TI_INPUT_DELAY 2 0
TI_INPUT_DELAY 3 0
TI_INPUT_DELAY 4 0
TI_INPUT_DELAY 5 0
TI_INPUT_DELAY 6 0
TI_INPUT_PRESCALE 1 0
TI_INPUT_PRESCALE 2 0
TI_INPUT_PRESCALE 3 0
TI_INPUT_PRESCALE 4 0
TI_INPUT_PRESCALE 5 0
TI_INPUT_PRESCALE 6 0
TI_RANDOM_TRIGGER 0 0
TI_FIBER_DELAY_OFFSET 128 0
FADC250_SLOT 3
FADC250_MODE 1
FADC250_COMPRESSION 0
FADC250_W_OFFSET 2568
FADC250_W_WIDTH  192
FADC250_NSA 92
FADC250_NSB 12
FADC250_NPEAK 1
FADC250_TRG_MASK 65535
FADC250_TRG_WIDTH 255
FADC250_TRG_MINTOT 1
FADC250_TRG_MINMULT 1
FADC250_ADC_MASK 1 1 1 1 1 1 1 1 1 1 1 1 1 1 1 1
FADC250_TET_IGNORE_MASK 0 0 0 0 0 0 0 0 0 0 0 0 0 0 0 0
FADC250_ALLCH_DAC 3280 3280 3280 3280 3280 3280 3280 3280 3280 3280 3280 3280 3280 3280 3280 3280
FADC250_ALLCH_PED 128.154  56.385 100.500  98.038 112.192 124.423  98.538 136.115 139.192 137.500 139.462 138.654  95.808 128.654 107.000 117.577
FADC250_ALLCH_TET 18 18 18 18 18 18 18 18 18 18 18 18 18 18 18 18
FADC250_ALLCH_DELAY 12 12 12 12 12 12 12 12 12 12 12 12 12 12 12 12
FADC250_ALLCH_GAIN   0.141   0.148   0.141   0.141   0.156   0.121   0.121   0.133   0.121   0.133   0.137   0.145   0.152   0.145   0.156   0.137
FADC250_SLOT 4
FADC250_MODE 1
FADC250_COMPRESSION 0
FADC250_W_OFFSET 2568
FADC250_W_WIDTH  192
FADC250_NSA 92
FADC250_NSB 12
FADC250_NPEAK 1
FADC250_TRG_MASK 65535
FADC250_TRG_WIDTH 255
FADC250_TRG_MINTOT 1
FADC250_TRG_MINMULT 1
FADC250_ADC_MASK 1 1 1 1 1 1 1 1 1 1 1 1 1 1 1 1
FADC250_TET_IGNORE_MASK 0 0 0 0 0 0 0 0 0 0 0 0 0 0 0 0
FADC250_ALLCH_DAC 3280 3280 3280 3280 3280 3280 3280 3280 3280 3280 3280 3280 3280 3280 3280 3280
FADC250_ALLCH_PED 106.423  97.577  83.308  91.577 113.038  78.000 158.577  67.962 105.500  93.808  66.231 102.885  61.885 128.115  89.308 123.269
FADC250_ALLCH_TET 18 18 18 18 18 18 18 18 18 18 18 18 18 18 18 18
FADC250_ALLCH_DELAY 12 12 12 12 12 12 12 12 12 12 12 12 12 12 12 12
FADC250_ALLCH_GAIN   0.141   0.129   0.141   0.133   0.141   0.133   0.145   0.133   0.141   0.148   0.133   0.137   0.145   0.160   0.125   0.141
FADC250_SLOT 5
FADC250_MODE 1
FADC250_COMPRESSION 0
FADC250_W_OFFSET 2568
FADC250_W_WIDTH  192
FADC250_NSA 92
FADC250_NSB 12
FADC250_NPEAK 1
FADC250_TRG_MASK 65535
FADC250_TRG_WIDTH 255
FADC250_TRG_MINTOT 1
FADC250_TRG_MINMULT 1
FADC250_ADC_MASK 1 1 1 1 1 1 1 1 1 1 1 1 1 1 1 1
FADC250_TET_IGNORE_MASK 0 0 0 0 0 0 0 0 0 0 0 0 0 0 0 0
FADC250_ALLCH_DAC 3280 3280 3280 3280 3280 3280 3280 3280 3280 3280 3280 3280 3280 3280 3280 3280
FADC250_ALLCH_PED  88.769 142.615  95.500 118.769  92.269 126.308 111.923 132.731  87.192 144.962 114.808 120.038 100.269 113.500  89.346 122.154
FADC250_ALLCH_TET 18 18 18 18 18 18 18 18 18 18 18 18 18 18 18 18
FADC250_ALLCH_DELAY 12 12 12 12 12 12 12 12 12 12 12 12 12 12 12 12
FADC250_ALLCH_GAIN   0.141   0.125   0.117   0.137   0.121   0.133   0.137   0.141   0.129   0.129   0.125   0.137   0.133   0.141   0.121   0.137
FADC250_SLOT 6
FADC250_MODE 1
FADC250_COMPRESSION 0
FADC250_W_OFFSET 2568
FADC250_W_WIDTH  192
FADC250_NSA 92
FADC250_NSB 12
FADC250_NPEAK 1
FADC250_TRG_MASK 65535
FADC250_TRG_WIDTH 255
FADC250_TRG_MINTOT 1
FADC250_TRG_MINMULT 1
FADC250_ADC_MASK 1 1 1 1 1 1 1 1 1 1 1 1 1 1 1 1
FADC250_TET_IGNORE_MASK 0 0 0 0 0 0 0 0 0 0 0 0 0 0 0 0
FADC250_ALLCH_DAC 3280 3280 3280 3280 3280 3280 3280 3280 3280 3280 3280 3280 3280 3280 3280 3280
FADC250_ALLCH_PED 131.923 102.769 165.115 161.962 155.308 148.192 127.538 110.731 134.269 143.577  92.846 123.000 138.500 116.692 103.269 124.808
FADC250_ALLCH_TET 18 18 18 18 18 18 18 18 18 18 18 18 18 18 18 18
FADC250_ALLCH_DELAY 12 12 12 12 12 12 12 12 12 12 12 12 12 12 12 12
FADC250_ALLCH_GAIN   0.133   0.125   0.152   0.117   0.125   0.109   0.148   0.141   0.148   0.129   0.141   0.137   0.137   0.117   0.141   0.133
FADC250_SLOT 7
FADC250_MODE 1
FADC250_COMPRESSION 0
FADC250_W_OFFSET 2568
FADC250_W_WIDTH  192
FADC250_NSA 92
FADC250_NSB 12
FADC250_NPEAK 1
FADC250_TRG_MASK 65535
FADC250_TRG_WIDTH 255
FADC250_TRG_MINTOT 1
FADC250_TRG_MINMULT 1
FADC250_ADC_MASK 1 1 1 1 1 1 1 1 1 1 1 1 1 1 1 1
FADC250_TET_IGNORE_MASK 0 0 0 0 0 0 0 0 0 0 0 0 0 0 0 0
FADC250_ALLCH_DAC 3280 3280 3280 3280 3280 3280 3280 3280 3280 3280 3280 3280 3280 3280 3280 3280
FADC250_ALLCH_PED 126.385 139.077 133.423 127.115 126.115 105.962 146.962 149.500 114.500 110.692 133.462 123.846 106.231 115.038 119.231 109.231
FADC250_ALLCH_TET 18 18 18 18 18 18 18 18 18 18 18 18 18 18 18 18
FADC250_ALLCH_DELAY 12 12 12 12 12 12 12 12 12 12 12 12 12 12 12 12
FADC250_ALLCH_GAIN   0.141   0.125   0.125   0.129   0.133   0.141   0.145   0.133   0.113   0.117   0.148   0.129   0.141   0.125   0.121   0.145
FADC250_SLOT 8
FADC250_MODE 1
FADC250_COMPRESSION 0
FADC250_W_OFFSET 2568
FADC250_W_WIDTH  192
FADC250_NSA 92
FADC250_NSB 12
FADC250_NPEAK 1
FADC250_TRG_MASK 65535
FADC250_TRG_WIDTH 255
FADC250_TRG_MINTOT 1
FADC250_TRG_MINMULT 1
FADC250_ADC_MASK 1 1 1 1 1 1 1 1 1 1 1 1 1 1 1 1
FADC250_TET_IGNORE_MASK 0 0 0 0 0 0 0 0 0 0 0 0 0 0 0 0
FADC250_ALLCH_DAC 3280 3280 3280 3280 3280 3280 3280 3280 3280 3280 3280 3280 3280 3280 3280 3280
FADC250_ALLCH_PED 145.654 135.846 100.769 126.038 126.808 110.615 128.038 121.269 118.346  95.231 144.154 135.077 158.231 117.308 132.000  53.038
FADC250_ALLCH_TET 18 18 18 18 18 18 18 18 18 18 18 18 18 18 18 18
FADC250_ALLCH_DELAY 12 12 12 12 12 12 12 12 12 12 12 12 12 12 12 12
FADC250_ALLCH_GAIN   0.125   0.133   0.125   0.133   0.133   0.137   0.129   0.137   0.129   0.129   0.137   0.156   0.152   0.129   0.129   0.141
FADC250_SLOT 9
FADC250_MODE 1
FADC250_COMPRESSION 0
FADC250_W_OFFSET 2568
FADC250_W_WIDTH  192
FADC250_NSA 92
FADC250_NSB 12
FADC250_NPEAK 1
FADC250_TRG_MASK 65535
FADC250_TRG_WIDTH 255
FADC250_TRG_MINTOT 1
FADC250_TRG_MINMULT 1
FADC250_ADC_MASK 1 1 1 1 1 1 1 1 1 1 1 1 1 1 1 1
FADC250_TET_IGNORE_MASK 0 0 0 0 0 0 0 0 0 0 0 0 0 0 0 0
FADC250_ALLCH_DAC 3280 3280 3280 3280 3280 3280 3280 3280 3280 3280 3280 3280 3280 3280 3280 3280
FADC250_ALLCH_PED 125.885 139.654 107.846 113.192 126.615 120.731 132.038 140.500 205.846 126.577 124.231  81.577 126.115 105.538  97.808 140.885
FADC250_ALLCH_TET 18 18 18 18 18 18 18 18 18 18 18 18 18 18 18 18
FADC250_ALLCH_DELAY 12 12 12 12 12 12 12 12 12 12 12 12 12 12 12 12
FADC250_ALLCH_GAIN   0.137   0.137   0.133   0.117   0.121   0.133   0.129   0.125   0.137   0.125   0.141   0.129   0.121   0.145   0.141   0.152
FADC250_SLOT 10
FADC250_MODE 1
FADC250_COMPRESSION 0
FADC250_W_OFFSET 2588
FADC250_W_WIDTH  128
FADC250_NSA 52
FADC250_NSB 20
FADC250_NPEAK 1
FADC250_TRG_MASK 65535
FADC250_TRG_WIDTH 255
FADC250_TRG_MINTOT 1
FADC250_TRG_MINMULT 1
FADC250_ADC_MASK 1 1 1 1 1 1 1 1 1 1 1 1 1 1 1 1
FADC250_TET_IGNORE_MASK 0 0 0 0 0 0 0 0 0 0 0 0 0 0 0 0
FADC250_ALLCH_DAC 3280 3280 3280 3280 3280 3280 3280 3280 3280 3280 3280 3280 3280 3280 3280 3280
FADC250_ALLCH_PED 111.944 128.500 118.167 125.556 102.444  99.222 122.611 122.056 140.556 100.722 129.667 104.111 142.111 151.778 103.556 135.111
FADC250_ALLCH_TET 12 12 12 12 12 12 12 12 12 12 12 12 12 12 12 12
FADC250_ALLCH_DELAY 0 0 0 0 0 0 0 0 0 0 0 0 0 0 0 0
FADC250_ALLCH_GAIN   4.273   3.398   4.273   3.703   4.504   2.645   3.977   5.227   6.199   4.102   3.543   4.062   4.504   4.504   4.504   4.504
FADC250_SLOT 14
FADC250_MODE 1
FADC250_COMPRESSION 0
FADC250_W_OFFSET 2568
FADC250_W_WIDTH  192
FADC250_NSA 92
FADC250_NSB 12
FADC250_NPEAK 1
FADC250_TRG_MASK 65535
FADC250_TRG_WIDTH 255
FADC250_TRG_MINTOT 1
FADC250_TRG_MINMULT 1
FADC250_ADC_MASK 1 1 1 1 1 1 1 1 1 1 1 1 1 1 1 1
FADC250_TET_IGNORE_MASK 0 0 0 0 0 0 0 0 0 0 0 0 0 0 0 0
FADC250_ALLCH_DAC 3280 3280 3280 3280 3280 3280 3280 3280 3280 3280 3280 3280 3280 3280 3280 3280
FADC250_ALLCH_PED  98.846 100.846 128.538 102.500 111.885 114.538 170.231 144.269 130.038  93.577 126.385 111.269 134.885 124.038 115.538 112.885
FADC250_ALLCH_TET 18 18 18 18 18 18 18 18 18 18 18 18 18 18 18 18
FADC250_ALLCH_DELAY 12 12 12 12 12 12 12 12 12 12 12 12 12 12 12 12
FADC250_ALLCH_GAIN   0.133   0.133   0.137   0.176   0.137   0.141   0.141   0.109   0.117   0.133   0.117   0.148   0.137   0.137   0.113   0.148
FADC250_SLOT 15
FADC250_MODE 1
FADC250_COMPRESSION 0
FADC250_W_OFFSET 2568
FADC250_W_WIDTH  192
FADC250_NSA 92
FADC250_NSB 12
FADC250_NPEAK 1
FADC250_TRG_MASK 65535
FADC250_TRG_WIDTH 255
FADC250_TRG_MINTOT 1
FADC250_TRG_MINMULT 1
FADC250_ADC_MASK 1 1 1 1 1 1 1 1 1 1 1 1 1 1 1 1
FADC250_TET_IGNORE_MASK 0 0 0 0 0 0 0 0 0 0 0 0 0 0 0 0
FADC250_ALLCH_DAC 3280 3280 3280 3280 3280 3280 3280 3280 3280 3280 3280 3280 3280 3280 3280 3280
FADC250_ALLCH_PED 109.000 148.923 108.462 186.538 142.385 149.962 145.577 153.115 116.154 164.462 108.423 132.731 113.115 130.731 146.077 122.462
FADC250_ALLCH_TET 18 18 18 18 18 18 18 18 18 18 18 18 18 18 18 18
FADC250_ALLCH_DELAY 12 12 12 12 12 12 12 12 12 12 12 12 12 12 12 12
FADC250_ALLCH_GAIN   0.137   0.141   0.141   0.141   0.176   0.148   0.137   0.133   0.148   0.145   0.117   0.137   0.152   0.141   0.129   0.141
FADC250_SLOT 16
FADC250_MODE 1
FADC250_COMPRESSION 0
FADC250_W_OFFSET 2568
FADC250_W_WIDTH  192
FADC250_NSA 92
FADC250_NSB 12
FADC250_NPEAK 1
FADC250_TRG_MASK 65535
FADC250_TRG_WIDTH 255
FADC250_TRG_MINTOT 1
FADC250_TRG_MINMULT 1
FADC250_ADC_MASK 1 1 1 1 1 1 1 1 1 1 1 1 1 1 1 1
FADC250_TET_IGNORE_MASK 1 1 1 1 1 1 1 1 1 1 1 1 1 1 1 1
FADC250_ALLCH_DAC 3280 3280 3280 3280 3280 3280 3280 3280 3280 3280 3280 3280 3280 3280 3280 3280
FADC250_ALLCH_PED 115.000 143.500 117.462 137.731 154.115  83.923 114.846 115.462  80.154 111.115  93.308 130.269 130.769 109.346 107.731 118.423
FADC250_ALLCH_TET 18 18 18 18 18 18 18 18 18 18 18 18 18 18 18 18
FADC250_ALLCH_DELAY 12 12 12 12 12 12 12 12 12 12 12 12 12 12 12 12
FADC250_ALLCH_GAIN   0.129   0.125   0.133   0.133   0.176   0.121   0.121   0.129   0.137   0.141   0.129   0.148   0.141   0.160   0.145   0.125
FADC250_SLOT 17
FADC250_MODE 1
FADC250_COMPRESSION 0
FADC250_W_OFFSET 2568
FADC250_W_WIDTH  192
FADC250_NSA 92
FADC250_NSB 12
FADC250_NPEAK 1
FADC250_TRG_MASK 65535
FADC250_TRG_WIDTH 255
FADC250_TRG_MINTOT 1
FADC250_TRG_MINMULT 1
FADC250_ADC_MASK 1 1 1 1 1 1 1 1 1 1 1 1 1 1 1 1
FADC250_TET_IGNORE_MASK 0 0 0 0 0 0 0 0 0 0 0 0 0 0 0 0
FADC250_ALLCH_DAC 3280 3280 3280 3280 3280 3280 3280 3280 3280 3280 3280 3280 3280 3280 3280 3280
FADC250_ALLCH_PED  97.423  95.962 127.846 118.885 138.423  95.808 124.462 122.692 121.423  87.308 135.692 101.769  95.538  98.846  73.192 109.308
FADC250_ALLCH_TET 18 18 18 18 18 18 18 18 18 18 18 18 18 18 18 18
FADC250_ALLCH_DELAY 12 12 12 12 12 12 12 12 12 12 12 12 12 12 12 12
FADC250_ALLCH_GAIN   0.145   0.141   0.152   0.125   0.141   0.152   0.152   0.160   0.137   0.137   0.148   0.125   0.137   0.148   0.156   0.133
FADC250_SLOT 18
FADC250_MODE 1
FADC250_COMPRESSION 0
FADC250_W_OFFSET 2568
FADC250_W_WIDTH  192
FADC250_NSA 92
FADC250_NSB 12
FADC250_NPEAK 1
FADC250_TRG_MASK 65535
FADC250_TRG_WIDTH 255
FADC250_TRG_MINTOT 1
FADC250_TRG_MINMULT 1
FADC250_ADC_MASK 1 1 1 1 1 1 1 1 1 1 1 1 1 1 1 1
FADC250_TET_IGNORE_MASK 0 0 0 0 0 0 0 0 0 0 0 0 0 0 0 0
FADC250_ALLCH_DAC 3280 3280 3280 3280 3280 3280 3280 3280 3280 3280 3280 3280 3280 3280 3280 3280
FADC250_ALLCH_PED 105.654 127.846 141.462  92.962 144.962 109.423 130.577 131.500 132.615 114.731 123.385 133.423  91.154 163.385 138.577 140.808
FADC250_ALLCH_TET 18 18 18 18 18 18 18 18 18 18 18 18 18 18 18 18
FADC250_ALLCH_DELAY 12 12 12 12 12 12 12 12 12 12 12 12 12 12 12 12
FADC250_ALLCH_GAIN   0.129   0.156   0.129   0.137   0.145   0.145   0.129   0.125   0.129   0.137   0.133   0.145   0.133   0.137   0.148   0.137
FADC250_SLOT 19
FADC250_MODE 1
FADC250_COMPRESSION 0
FADC250_W_OFFSET 2568
FADC250_W_WIDTH  192
FADC250_NSA 92
FADC250_NSB 12
FADC250_NPEAK 1
FADC250_TRG_MASK 65535
FADC250_TRG_WIDTH 255
FADC250_TRG_MINTOT 1
FADC250_TRG_MINMULT 1
FADC250_ADC_MASK 1 1 1 1 1 1 1 1 1 1 1 1 1 1 1 1
FADC250_TET_IGNORE_MASK 0 0 0 0 0 0 0 0 0 0 0 0 0 0 0 0
FADC250_ALLCH_DAC 3280 3280 3280 3280 3280 3280 3280 3280 3280 3280 3280 3280 3280 3280 3280 3280
FADC250_ALLCH_PED 112.346 129.192 128.500  57.654  89.962 145.231 129.423 136.577 125.500 123.269 144.615 120.692 134.077 108.769 122.077 133.654
FADC250_ALLCH_TET 18 18 18 18 18 18 18 18 18 18 18 18 18 18 18 18
FADC250_ALLCH_DELAY 12 12 12 12 12 12 12 12 12 12 12 12 12 12 12 12
FADC250_ALLCH_GAIN   0.129   0.125   0.141   0.141   0.133   0.133   0.145   0.148   0.129   0.168   0.141   0.152   0.137   0.152   0.129   0.133
FADC250_SLOT 20
FADC250_MODE 1
FADC250_COMPRESSION 0
FADC250_W_OFFSET 2568
FADC250_W_WIDTH  192
FADC250_NSA 92
FADC250_NSB 12
FADC250_NPEAK 1
FADC250_TRG_MASK 65535
FADC250_TRG_WIDTH 255
FADC250_TRG_MINTOT 1
FADC250_TRG_MINMULT 1
FADC250_ADC_MASK 1 1 1 1 1 1 1 1 1 1 1 1 1 1 1 1
FADC250_TET_IGNORE_MASK 0 0 0 0 0 0 0 0 0 0 0 0 0 0 0 0
FADC250_ALLCH_DAC 3280 3280 3280 3280 3280 3280 3280 3280 3280 3280 3280 3280 3280 3280 3280 3280
FADC250_ALLCH_PED 113.923  91.462 107.808 129.038  82.269 116.000 107.846  87.808 127.038  83.423 107.231  96.346 106.923 106.500 128.308 133.269
FADC250_ALLCH_TET 18 18 18 18 18 18 18 18 18 18 18 18 18 18 18 500
FADC250_ALLCH_DELAY 12 12 12 12 12 12 12 12 12 12 12 12 12 12 12 12
FADC250_ALLCH_GAIN   0.129   0.133   0.113   0.129   0.129   0.137   0.141   0.137   0.117   0.148   0.148   0.145   0.133   0.000   0.000   0.000

