
TI_BLOCK_LEVEL 20
TI_BUFFER_LEVEL 8
TI_HOLDOFF 1 10 0
TI_HOLDOFF 2 1 0
TI_HOLDOFF 3 1 0
TI_HOLDOFF 4 1 0
TI_INPUT_MASK 0 0 0 0 0 0
TI_INPUT_DELAY 1 0
TI_INPUT_DELAY 2 0
TI_INPUT_DELAY 3 0
TI_INPUT_DELAY 4 0
TI_INPUT_DELAY 5 0
TI_INPUT_DELAY 6 0
TI_INPUT_PRESCALE 1 0
TI_INPUT_PRESCALE 2 0
TI_INPUT_PRESCALE 3 0
TI_INPUT_PRESCALE 4 0
TI_INPUT_PRESCALE 5 0
TI_INPUT_PRESCALE 6 0
TI_RANDOM_TRIGGER 0 0
TI_FIBER_DELAY_OFFSET 128 0
FADC250_SLOT 3
FADC250_MODE 1
FADC250_COMPRESSION 0
FADC250_W_OFFSET 2568
FADC250_W_WIDTH  192
FADC250_NSA 92
FADC250_NSB 12
FADC250_NPEAK 1
FADC250_TRG_MASK 65535
FADC250_TRG_WIDTH 255
FADC250_TRG_MINTOT 1
FADC250_TRG_MINMULT 1
FADC250_ADC_MASK 1 1 1 1 1 1 1 1 1 1 1 1 1 1 1 1
FADC250_TET_IGNORE_MASK 0 0 0 0 0 0 0 0 0 0 0 0 0 0 0 0
FADC250_ALLCH_DAC 3280 3280 3280 3280 3280 3280 3280 3280 3280 3280 3280 3280 3280 3280 3280 3280
FADC250_ALLCH_PED 127.115  55.885  99.538  98.000 111.115 123.154  98.000 135.000 138.500 136.885 137.654 138.077  94.808 127.577 104.808 116.923
FADC250_ALLCH_TET 18 18 18 18 18 18 18 18 18 18 18 18 18 18 18 18
FADC250_ALLCH_DELAY 12 12 12 12 12 12 12 12 12 12 12 12 12 12 12 12
FADC250_ALLCH_GAIN   0.141   0.148   0.141   0.141   0.156   0.121   0.121   0.133   0.121   0.133   0.137   0.145   0.152   0.145   0.156   0.137
FADC250_SLOT 4
FADC250_MODE 1
FADC250_COMPRESSION 0
FADC250_W_OFFSET 2568
FADC250_W_WIDTH  192
FADC250_NSA 92
FADC250_NSB 12
FADC250_NPEAK 1
FADC250_TRG_MASK 65535
FADC250_TRG_WIDTH 255
FADC250_TRG_MINTOT 1
FADC250_TRG_MINMULT 1
FADC250_ADC_MASK 1 1 1 1 1 1 1 1 1 1 1 1 1 1 1 1
FADC250_TET_IGNORE_MASK 0 0 0 0 0 0 0 0 0 0 0 0 0 0 0 0
FADC250_ALLCH_DAC 3280 3280 3280 3280 3280 3280 3280 3280 3280 3280 3280 3280 3280 3280 3280 3280
FADC250_ALLCH_PED 106.615  97.269  81.808  90.692 111.692  76.962 158.269  67.154 104.692  93.115  65.462 102.577  60.808 127.231  88.269 122.500
FADC250_ALLCH_TET 18 18 18 18 18 18 18 18 18 18 18 18 18 18 18 18
FADC250_ALLCH_DELAY 12 12 12 12 12 12 12 12 12 12 12 12 12 12 12 12
FADC250_ALLCH_GAIN   0.141   0.129   0.141   0.133   0.141   0.133   0.145   0.133   0.141   0.148   0.133   0.137   0.145   0.160   0.125   0.141
FADC250_SLOT 5
FADC250_MODE 1
FADC250_COMPRESSION 0
FADC250_W_OFFSET 2568
FADC250_W_WIDTH  192
FADC250_NSA 92
FADC250_NSB 12
FADC250_NPEAK 1
FADC250_TRG_MASK 65535
FADC250_TRG_WIDTH 255
FADC250_TRG_MINTOT 1
FADC250_TRG_MINMULT 1
FADC250_ADC_MASK 1 1 1 1 1 1 1 1 1 1 1 1 1 1 1 1
FADC250_TET_IGNORE_MASK 0 0 0 0 0 0 0 0 0 0 0 0 0 0 0 0
FADC250_ALLCH_DAC 3280 3280 3280 3280 3280 3280 3280 3280 3280 3280 3280 3280 3280 3280 3280 3280
FADC250_ALLCH_PED  86.808 142.231  93.808 117.885  90.577 125.077 110.615 131.846  86.038 143.692 114.462 118.538  99.769 112.000  87.962 121.192
FADC250_ALLCH_TET 18 18 18 18 18 18 18 18 18 18 18 22 18 18 18 18
FADC250_ALLCH_DELAY 12 12 12 12 12 12 12 12 12 12 12 12 12 12 12 12
FADC250_ALLCH_GAIN   0.141   0.125   0.117   0.137   0.121   0.133   0.137   0.141   0.129   0.129   0.125   0.137   0.133   0.141   0.121   0.137
FADC250_SLOT 6
FADC250_MODE 1
FADC250_COMPRESSION 0
FADC250_W_OFFSET 2568
FADC250_W_WIDTH  192
FADC250_NSA 92
FADC250_NSB 12
FADC250_NPEAK 1
FADC250_TRG_MASK 65535
FADC250_TRG_WIDTH 255
FADC250_TRG_MINTOT 1
FADC250_TRG_MINMULT 1
FADC250_ADC_MASK 1 1 1 1 1 1 1 1 1 1 1 1 1 1 1 1
FADC250_TET_IGNORE_MASK 0 0 0 0 0 0 0 0 0 0 0 0 0 0 0 0
FADC250_ALLCH_DAC 3280 3280 3280 3280 3280 3280 3280 3280 3280 3280 3280 3280 3280 3280 3280 3280
FADC250_ALLCH_PED 130.538 100.423 163.846 161.269 153.500 147.462 126.731 109.615 132.615 142.154  92.423 121.538 138.308 115.115 101.808 123.269
FADC250_ALLCH_TET 18 18 18 18 18 18 18 18 18 18 18 18 18 18 18 18
FADC250_ALLCH_DELAY 12 12 12 12 12 12 12 12 12 12 12 12 12 12 12 12
FADC250_ALLCH_GAIN   0.133   0.125   0.152   0.117   0.125   0.109   0.148   0.141   0.148   0.129   0.141   0.137   0.137   0.117   0.141   0.133
FADC250_SLOT 7
FADC250_MODE 1
FADC250_COMPRESSION 0
FADC250_W_OFFSET 2568
FADC250_W_WIDTH  192
FADC250_NSA 92
FADC250_NSB 12
FADC250_NPEAK 1
FADC250_TRG_MASK 65535
FADC250_TRG_WIDTH 255
FADC250_TRG_MINTOT 1
FADC250_TRG_MINMULT 1
FADC250_ADC_MASK 1 1 1 1 1 1 1 1 1 1 1 1 1 1 1 1
FADC250_TET_IGNORE_MASK 0 0 0 0 0 0 0 0 0 0 0 0 0 0 0 0
FADC250_ALLCH_DAC 3280 3280 3280 3280 3280 3280 3280 3280 3280 3280 3280 3280 3280 3280 3280 3280
FADC250_ALLCH_PED 125.615 138.000 131.577 125.269 125.538 104.269 146.269 148.692 112.769 109.538 132.538 122.577 105.346 113.038 117.692 107.808
FADC250_ALLCH_TET 18 18 18 18 18 18 18 18 18 18 18 18 18 18 18 18
FADC250_ALLCH_DELAY 12 12 12 12 12 12 12 12 12 12 12 12 12 12 12 12
FADC250_ALLCH_GAIN   0.141   0.125   0.125   0.129   0.133   0.141   0.145   0.133   0.113   0.117   0.148   0.129   0.141   0.125   0.121   0.145
FADC250_SLOT 8
FADC250_MODE 1
FADC250_COMPRESSION 0
FADC250_W_OFFSET 2568
FADC250_W_WIDTH  192
FADC250_NSA 92
FADC250_NSB 12
FADC250_NPEAK 1
FADC250_TRG_MASK 65535
FADC250_TRG_WIDTH 255
FADC250_TRG_MINTOT 1
FADC250_TRG_MINMULT 1
FADC250_ADC_MASK 1 1 1 1 1 1 1 1 1 1 1 1 1 1 1 1
FADC250_TET_IGNORE_MASK 0 0 0 0 0 0 0 0 0 0 0 0 0 0 0 0
FADC250_ALLCH_DAC 3280 3280 3280 3280 3280 3280 3280 3280 3280 3280 3280 3280 3280 3280 3280 3280
FADC250_ALLCH_PED 145.115 135.115 100.077 125.231 126.346 109.577 126.692 119.808 118.462  94.423 143.346 134.077 157.500 116.538 130.962  51.692
FADC250_ALLCH_TET 18 18 18 18 18 18 18 18 18 18 18 18 18 18 18 18
FADC250_ALLCH_DELAY 12 12 12 12 12 12 12 12 12 12 12 12 12 12 12 12
FADC250_ALLCH_GAIN   0.125   0.133   0.125   0.133   0.133   0.137   0.129   0.137   0.129   0.129   0.137   0.156   0.152   0.129   0.129   0.141
FADC250_SLOT 9
FADC250_MODE 1
FADC250_COMPRESSION 0
FADC250_W_OFFSET 2568
FADC250_W_WIDTH  192
FADC250_NSA 92
FADC250_NSB 12
FADC250_NPEAK 1
FADC250_TRG_MASK 65535
FADC250_TRG_WIDTH 255
FADC250_TRG_MINTOT 1
FADC250_TRG_MINMULT 1
FADC250_ADC_MASK 1 1 1 1 1 1 1 1 1 1 1 1 1 1 1 1
FADC250_TET_IGNORE_MASK 0 0 0 0 0 0 0 0 0 0 0 0 0 0 0 0
FADC250_ALLCH_DAC 3280 3280 3280 3280 3280 3280 3280 3280 3280 3280 3280 3280 3280 3280 3280 3280
FADC250_ALLCH_PED 125.808 139.077 107.115 112.692 126.577 120.769 131.885 139.846 204.692 126.192 123.115  81.462 126.154 104.423  97.846 141.385
FADC250_ALLCH_TET 18 18 18 18 18 18 18 18 18 18 18 18 18 18 18 18
FADC250_ALLCH_DELAY 12 12 12 12 12 12 12 12 12 12 12 12 12 12 12 12
FADC250_ALLCH_GAIN   0.137   0.137   0.133   0.117   0.121   0.133   0.129   0.125   0.137   0.125   0.141   0.129   0.121   0.145   0.141   0.152
FADC250_SLOT 10
FADC250_MODE 1
FADC250_COMPRESSION 0
FADC250_W_OFFSET 2588
FADC250_W_WIDTH  128
FADC250_NSA 52
FADC250_NSB 20
FADC250_NPEAK 1
FADC250_TRG_MASK 65535
FADC250_TRG_WIDTH 255
FADC250_TRG_MINTOT 1
FADC250_TRG_MINMULT 1
FADC250_ADC_MASK 1 1 1 1 1 1 1 1 1 1 1 1 1 1 1 1
FADC250_TET_IGNORE_MASK 0 0 0 0 0 0 0 0 0 0 0 0 0 0 0 0
FADC250_ALLCH_DAC 3280 3280 3280 3280 3280 3280 3280 3280 3280 3280 3280 3280 3280 3280 3280 3280
FADC250_ALLCH_PED 111.944 128.500 118.167 125.556 102.444  99.222 122.611 122.056 140.556 100.722 129.667 104.111 142.111 151.778 103.556 135.111
FADC250_ALLCH_TET 12 12 12 12 12 12 12 12 12 12 12 12 12 12 12 12
FADC250_ALLCH_DELAY 0 0 0 0 0 0 0 0 0 0 0 0 0 0 0 0
FADC250_ALLCH_GAIN   4.273   3.398   4.273   3.703   4.504   2.645   3.977   5.227   6.199   4.102   3.543   4.062   4.504   4.504   4.504   4.504
FADC250_SLOT 14
FADC250_MODE 1
FADC250_COMPRESSION 0
FADC250_W_OFFSET 2568
FADC250_W_WIDTH  192
FADC250_NSA 92
FADC250_NSB 12
FADC250_NPEAK 1
FADC250_TRG_MASK 65535
FADC250_TRG_WIDTH 255
FADC250_TRG_MINTOT 1
FADC250_TRG_MINMULT 1
FADC250_ADC_MASK 1 1 1 1 1 1 1 1 1 1 1 1 1 1 1 1
FADC250_TET_IGNORE_MASK 0 0 0 0 0 0 0 0 0 0 0 0 0 0 0 0
FADC250_ALLCH_DAC 3280 3280 3280 3280 3280 3280 3280 3280 3280 3280 3280 3280 3280 3280 3280 3280
FADC250_ALLCH_PED  97.385  99.115 128.154 101.269 111.423 112.962 168.654 142.846 129.615  93.038 125.731 110.231 133.923 122.385 113.885 111.615
FADC250_ALLCH_TET 18 18 18 22 18 18 18 18 18 18 18 18 18 18 18 18
FADC250_ALLCH_DELAY 12 12 12 12 12 12 12 12 12 12 12 12 12 12 12 12
FADC250_ALLCH_GAIN   0.133   0.133   0.137   0.176   0.137   0.141   0.141   0.109   0.117   0.133   0.117   0.148   0.137   0.137   0.113   0.148
FADC250_SLOT 15
FADC250_MODE 1
FADC250_COMPRESSION 0
FADC250_W_OFFSET 2568
FADC250_W_WIDTH  192
FADC250_NSA 92
FADC250_NSB 12
FADC250_NPEAK 1
FADC250_TRG_MASK 65535
FADC250_TRG_WIDTH 255
FADC250_TRG_MINTOT 1
FADC250_TRG_MINMULT 1
FADC250_ADC_MASK 1 1 1 1 1 1 1 1 1 1 1 1 1 1 1 1
FADC250_TET_IGNORE_MASK 0 0 0 0 0 0 0 0 0 0 0 0 0 0 0 0
FADC250_ALLCH_DAC 3280 3280 3280 3280 3280 3280 3280 3280 3280 3280 3280 3280 3280 3280 3280 3280
FADC250_ALLCH_PED 108.423 149.000 107.769 186.846 142.115 149.038 144.769 153.500 115.269 164.154 106.577 131.423 112.192 130.423 145.923 121.846
FADC250_ALLCH_TET 18 18 18 18 18 18 18 18 18 18 18 18 18 18 18 18
FADC250_ALLCH_DELAY 12 12 12 12 12 12 12 12 12 12 12 12 12 12 12 12
FADC250_ALLCH_GAIN   0.137   0.141   0.141   0.141   0.176   0.148   0.137   0.133   0.148   0.145   0.117   0.137   0.152   0.141   0.129   0.141
FADC250_SLOT 16
FADC250_MODE 1
FADC250_COMPRESSION 0
FADC250_W_OFFSET 2568
FADC250_W_WIDTH  192
FADC250_NSA 92
FADC250_NSB 12
FADC250_NPEAK 1
FADC250_TRG_MASK 65535
FADC250_TRG_WIDTH 255
FADC250_TRG_MINTOT 1
FADC250_TRG_MINMULT 1
FADC250_ADC_MASK 1 1 1 1 1 1 1 1 1 1 1 1 1 1 1 1
FADC250_TET_IGNORE_MASK 1 1 1 1 1 1 1 1 1 1 1 1 1 1 1 1
FADC250_ALLCH_DAC 3280 3280 3280 3280 3280 3280 3280 3280 3280 3280 3280 3280 3280 3280 3280 3280
FADC250_ALLCH_PED 115.269 143.577 117.269 137.500 153.077  83.923 114.154 115.462  79.654 110.577  92.808 129.769 130.923 108.769 106.038 117.885
FADC250_ALLCH_TET 18 18 18 18 18 18 18 18 18 18 18 18 18 18 18 18
FADC250_ALLCH_DELAY 12 12 12 12 12 12 12 12 12 12 12 12 12 12 12 12
FADC250_ALLCH_GAIN   0.129   0.125   0.133   0.133   0.176   0.121   0.121   0.129   0.137   0.141   0.129   0.148   0.141   0.160   0.145   0.125
FADC250_SLOT 17
FADC250_MODE 1
FADC250_COMPRESSION 0
FADC250_W_OFFSET 2568
FADC250_W_WIDTH  192
FADC250_NSA 92
FADC250_NSB 12
FADC250_NPEAK 1
FADC250_TRG_MASK 65535
FADC250_TRG_WIDTH 255
FADC250_TRG_MINTOT 1
FADC250_TRG_MINMULT 1
FADC250_ADC_MASK 1 1 1 1 1 1 1 1 1 1 1 1 1 1 1 1
FADC250_TET_IGNORE_MASK 0 0 0 0 0 0 0 0 0 0 0 0 0 0 0 0
FADC250_ALLCH_DAC 3280 3280 3280 3280 3280 3280 3280 3280 3280 3280 3280 3280 3280 3280 3280 3280
FADC250_ALLCH_PED  96.385  95.115 126.731 118.192 137.615  95.269 124.000 122.423 120.923  85.769 135.615 100.962  94.692  97.692  72.423 107.846
FADC250_ALLCH_TET 18 18 18 18 18 18 18 18 18 18 18 18 18 18 18 22
FADC250_ALLCH_DELAY 12 12 12 12 12 12 12 12 12 12 12 12 12 12 12 12
FADC250_ALLCH_GAIN   0.145   0.141   0.152   0.125   0.141   0.152   0.152   0.160   0.137   0.137   0.148   0.125   0.137   0.148   0.156   0.133
FADC250_SLOT 18
FADC250_MODE 1
FADC250_COMPRESSION 0
FADC250_W_OFFSET 2568
FADC250_W_WIDTH  192
FADC250_NSA 92
FADC250_NSB 12
FADC250_NPEAK 1
FADC250_TRG_MASK 65535
FADC250_TRG_WIDTH 255
FADC250_TRG_MINTOT 1
FADC250_TRG_MINMULT 1
FADC250_ADC_MASK 1 1 1 1 1 1 1 1 1 1 1 1 1 1 1 1
FADC250_TET_IGNORE_MASK 0 0 0 0 0 0 0 0 0 0 0 0 0 0 0 0
FADC250_ALLCH_DAC 3280 3280 3280 3280 3280 3280 3280 3280 3280 3280 3280 3280 3280 3280 3280 3280
FADC250_ALLCH_PED 105.538 127.538 141.038  92.538 144.885 108.769 129.962 131.231 132.385 113.885 122.577 133.038  90.462 163.154 137.808 140.615
FADC250_ALLCH_TET 18 18 18 20 18 18 18 18 18 18 18 18 18 18 18 18
FADC250_ALLCH_DELAY 12 12 12 12 12 12 12 12 12 12 12 12 12 12 12 12
FADC250_ALLCH_GAIN   0.129   0.156   0.129   0.137   0.145   0.145   0.129   0.125   0.129   0.137   0.133   0.145   0.133   0.137   0.148   0.137
FADC250_SLOT 19
FADC250_MODE 1
FADC250_COMPRESSION 0
FADC250_W_OFFSET 2568
FADC250_W_WIDTH  192
FADC250_NSA 92
FADC250_NSB 12
FADC250_NPEAK 1
FADC250_TRG_MASK 65535
FADC250_TRG_WIDTH 255
FADC250_TRG_MINTOT 1
FADC250_TRG_MINMULT 1
FADC250_ADC_MASK 1 1 1 1 1 1 1 1 1 1 1 1 1 1 1 1
FADC250_TET_IGNORE_MASK 0 0 0 0 0 0 0 0 0 0 0 0 0 0 0 0
FADC250_ALLCH_DAC 3280 3280 3280 3280 3280 3280 3280 3280 3280 3280 3280 3280 3280 3280 3280 3280
FADC250_ALLCH_PED 112.500 128.962 128.115  56.731  90.423 143.615 128.885 135.462 125.000 122.000 144.654 119.808 133.346 107.615 121.692 133.154
FADC250_ALLCH_TET 18 18 18 18 22 18 18 18 18 22 18 18 18 18 18 18
FADC250_ALLCH_DELAY 12 12 12 12 12 12 12 12 12 12 12 12 12 12 12 12
FADC250_ALLCH_GAIN   0.129   0.125   0.141   0.141   0.133   0.133   0.145   0.148   0.129   0.168   0.141   0.152   0.137   0.152   0.129   0.133
FADC250_SLOT 20
FADC250_MODE 1
FADC250_COMPRESSION 0
FADC250_W_OFFSET 2568
FADC250_W_WIDTH  192
FADC250_NSA 92
FADC250_NSB 12
FADC250_NPEAK 1
FADC250_TRG_MASK 65535
FADC250_TRG_WIDTH 255
FADC250_TRG_MINTOT 1
FADC250_TRG_MINMULT 1
FADC250_ADC_MASK 1 1 1 1 1 1 1 1 1 1 1 1 1 1 1 1
FADC250_TET_IGNORE_MASK 0 0 0 0 0 0 0 0 0 0 0 0 0 0 0 0
FADC250_ALLCH_DAC 3280 3280 3280 3280 3280 3280 3280 3280 3280 3280 3280 3280 3280 3280 3280 3280
FADC250_ALLCH_PED 112.846  89.692 106.962 127.346  80.115 115.654 106.269  87.308 125.808  82.346 106.615  95.000 105.923 106.231 127.077 147.308
FADC250_ALLCH_TET 18 18 18 28 18 18 18 18 28 18 18 18 22 18 18 500
FADC250_ALLCH_DELAY 12 12 12 12 12 12 12 12 12 12 12 12 12 12 12 12
FADC250_ALLCH_GAIN   0.129   0.133   0.113   0.129   0.129   0.137   0.141   0.137   0.117   0.148   0.148   0.145   0.133   0.000   0.000   0.000

