
TI_BLOCK_LEVEL 10
TI_BUFFER_LEVEL 8
TI_HOLDOFF 1 10 0
TI_HOLDOFF 2 1 0
TI_HOLDOFF 3 1 0
TI_HOLDOFF 4 1 0
TI_INPUT_MASK 0 0 0 0 0 0
TI_INPUT_DELAY 1 0
TI_INPUT_DELAY 2 0
TI_INPUT_DELAY 3 0
TI_INPUT_DELAY 4 0
TI_INPUT_DELAY 5 0
TI_INPUT_DELAY 6 0
TI_INPUT_PRESCALE 1 0
TI_INPUT_PRESCALE 2 0
TI_INPUT_PRESCALE 3 0
TI_INPUT_PRESCALE 4 0
TI_INPUT_PRESCALE 5 0
TI_INPUT_PRESCALE 6 0
TI_RANDOM_TRIGGER 0 0
TI_FIBER_DELAY_OFFSET 128 0
FADC250_SLOT 3
FADC250_MODE 1
FADC250_COMPRESSION 0
FADC250_W_OFFSET 2568
FADC250_W_WIDTH  192
FADC250_NSA 92
FADC250_NSB 12
FADC250_NPEAK 1
FADC250_TRG_MASK 65535
FADC250_TRG_WIDTH 255
FADC250_TRG_MINTOT 1
FADC250_TRG_MINMULT 1
FADC250_ADC_MASK 1 1 1 1 1 1 1 1 1 1 1 1 1 1 1 1
FADC250_TET_IGNORE_MASK 0 0 0 0 0 0 0 0 0 0 0 0 0 0 0 0
FADC250_ALLCH_DAC 3280 3280 3280 3280 3280 3280 3280 3280 3280 3280 3280 3280 3280 3280 3280 3280
FADC250_ALLCH_PED 125.077  56.423  97.923  96.808 112.308 122.962  96.077 131.231 137.923 135.885 132.962 138.115  91.077 129.000 104.654 117.154
FADC250_ALLCH_TET 18 18 18 18 18 18 18 18 18 18 18 18 18 18 18 18
FADC250_ALLCH_DELAY 12 12 12 12 12 12 12 12 12 12 12 12 12 12 12 12
FADC250_ALLCH_GAIN   0.137   0.152   0.137   0.137   0.148   0.125   0.125   0.133   0.129   0.133   0.141   0.148   0.145   0.145   0.152   0.137
FADC250_SLOT 4
FADC250_MODE 1
FADC250_COMPRESSION 0
FADC250_W_OFFSET 2568
FADC250_W_WIDTH  192
FADC250_NSA 92
FADC250_NSB 12
FADC250_NPEAK 1
FADC250_TRG_MASK 65535
FADC250_TRG_WIDTH 255
FADC250_TRG_MINTOT 1
FADC250_TRG_MINMULT 1
FADC250_ADC_MASK 1 1 1 1 1 1 1 1 1 1 1 1 1 1 1 1
FADC250_TET_IGNORE_MASK 0 0 0 0 0 0 0 0 0 0 0 0 0 0 0 0
FADC250_ALLCH_DAC 3280 3280 3280 3280 3280 3280 3280 3280 3280 3280 3280 3280 3280 3280 3280 3280
FADC250_ALLCH_PED 105.154  94.923  82.231  90.077 115.885  76.308 153.231  65.692 102.423  93.385  61.808 102.269  60.500 126.500  89.462 121.038
FADC250_ALLCH_TET 18 18 18 18 18 18 18 18 18 18 18 18 18 18 18 18
FADC250_ALLCH_DELAY 12 12 12 12 12 12 12 12 12 12 12 12 12 12 12 12
FADC250_ALLCH_GAIN   0.145   0.129   0.141   0.133   0.164   0.160   0.160   0.160   0.172   0.172   0.164   0.172   0.172   0.188   0.125   0.137
FADC250_SLOT 5
FADC250_MODE 1
FADC250_COMPRESSION 0
FADC250_W_OFFSET 2568
FADC250_W_WIDTH  192
FADC250_NSA 92
FADC250_NSB 12
FADC250_NPEAK 1
FADC250_TRG_MASK 65535
FADC250_TRG_WIDTH 255
FADC250_TRG_MINTOT 1
FADC250_TRG_MINMULT 1
FADC250_ADC_MASK 1 1 1 1 1 1 1 1 1 1 1 1 1 1 1 1
FADC250_TET_IGNORE_MASK 0 0 0 0 0 0 0 0 0 0 0 0 0 0 0 0
FADC250_ALLCH_DAC 3280 3280 3280 3280 3280 3280 3280 3280 3280 3280 3280 3280 3280 3280 3280 3280
FADC250_ALLCH_PED  86.654 143.538  94.885 118.731  96.038 125.731 110.885 131.923  87.269 143.269 110.731 121.385 100.000 111.000  86.577 120.269
FADC250_ALLCH_TET 18 18 18 18 18 18 18 18 18 18 18 18 18 18 18 18
FADC250_ALLCH_DELAY 12 12 12 12 12 12 12 12 12 12 12 12 12 12 12 12
FADC250_ALLCH_GAIN   0.137   0.129   0.121   0.137   0.121   0.129   0.125   0.137   0.133   0.133   0.125   0.141   0.133   0.141   0.125   0.133
FADC250_SLOT 6
FADC250_MODE 1
FADC250_COMPRESSION 0
FADC250_W_OFFSET 2568
FADC250_W_WIDTH  192
FADC250_NSA 92
FADC250_NSB 12
FADC250_NPEAK 1
FADC250_TRG_MASK 65535
FADC250_TRG_WIDTH 255
FADC250_TRG_MINTOT 1
FADC250_TRG_MINMULT 1
FADC250_ADC_MASK 1 1 1 1 1 1 1 1 1 1 1 1 1 1 1 1
FADC250_TET_IGNORE_MASK 0 0 0 0 0 0 0 0 0 0 0 0 0 0 0 0
FADC250_ALLCH_DAC 3280 3280 3280 3280 3280 3280 3280 3280 3280 3280 3280 3280 3280 3280 3280 3280
FADC250_ALLCH_PED 129.692 100.385 162.769 160.769 155.308 148.154 126.000 106.846 131.000 140.115  84.885 124.154 136.154 111.846 100.962 120.962
FADC250_ALLCH_TET 18 18 18 18 18 18 18 18 18 18 18 18 18 18 18 18
FADC250_ALLCH_DELAY 12 12 12 12 12 12 12 12 12 12 12 12 12 12 12 12
FADC250_ALLCH_GAIN   0.137   0.125   0.156   0.129   0.129   0.121   0.164   0.145   0.137   0.129   0.133   0.152   0.137   0.121   0.133   0.137
FADC250_SLOT 7
FADC250_MODE 1
FADC250_COMPRESSION 0
FADC250_W_OFFSET 2568
FADC250_W_WIDTH  192
FADC250_NSA 92
FADC250_NSB 12
FADC250_NPEAK 1
FADC250_TRG_MASK 65535
FADC250_TRG_WIDTH 255
FADC250_TRG_MINTOT 1
FADC250_TRG_MINMULT 1
FADC250_ADC_MASK 1 1 1 1 1 1 1 1 1 1 1 1 1 1 1 1
FADC250_TET_IGNORE_MASK 0 0 0 0 0 0 0 0 0 0 0 0 0 0 0 0
FADC250_ALLCH_DAC 3280 3280 3280 3280 3280 3280 3280 3280 3280 3280 3280 3280 3280 3280 3280 3280
FADC250_ALLCH_PED 123.115 138.308 130.462 125.269 126.923 107.231 143.538 145.692 111.308 108.615 126.538 121.154 103.538 112.538 115.808 105.231
FADC250_ALLCH_TET 18 18 18 18 18 18 18 18 18 18 18 18 18 18 18 18
FADC250_ALLCH_DELAY 12 12 12 12 12 12 12 12 12 12 12 12 12 12 12 12
FADC250_ALLCH_GAIN   0.137   0.141   0.125   0.133   0.133   0.137   0.141   0.133   0.121   0.117   0.141   0.129   0.137   0.129   0.133   0.141
FADC250_SLOT 8
FADC250_MODE 1
FADC250_COMPRESSION 0
FADC250_W_OFFSET 2568
FADC250_W_WIDTH  192
FADC250_NSA 92
FADC250_NSB 12
FADC250_NPEAK 1
FADC250_TRG_MASK 65535
FADC250_TRG_WIDTH 255
FADC250_TRG_MINTOT 1
FADC250_TRG_MINMULT 1
FADC250_ADC_MASK 1 1 1 1 1 1 1 1 1 1 1 1 1 1 1 1
FADC250_TET_IGNORE_MASK 0 0 0 0 0 0 0 0 0 0 0 0 0 0 0 0
FADC250_ALLCH_DAC 3280 3280 3280 3280 3280 3280 3280 3280 3280 3280 3280 3280 3280 3280 3280 3280
FADC250_ALLCH_PED 142.846 134.731 100.154 123.769 128.885 110.423 125.115 119.962 116.154  92.577 137.500 137.000 155.154 115.808 128.692  50.731
FADC250_ALLCH_TET 18 18 18 18 18 18 18 18 18 18 18 18 18 18 18 18
FADC250_ALLCH_DELAY 12 12 12 12 12 12 12 12 12 12 12 12 12 12 12 12
FADC250_ALLCH_GAIN   0.133   0.137   0.129   0.133   0.137   0.137   0.129   0.137   0.129   0.133   0.133   0.148   0.148   0.133   0.137   0.141
FADC250_SLOT 9
FADC250_MODE 1
FADC250_COMPRESSION 0
FADC250_W_OFFSET 2568
FADC250_W_WIDTH  192
FADC250_NSA 92
FADC250_NSB 12
FADC250_NPEAK 1
FADC250_TRG_MASK 65535
FADC250_TRG_WIDTH 255
FADC250_TRG_MINTOT 1
FADC250_TRG_MINMULT 1
FADC250_ADC_MASK 1 1 1 1 1 1 1 1 1 1 1 1 1 1 1 1
FADC250_TET_IGNORE_MASK 0 0 0 0 0 0 0 0 0 0 0 0 0 0 0 0
FADC250_ALLCH_DAC 3280 3280 3280 3280 3280 3280 3280 3280 3280 3280 3280 3280 3280 3280 3280 3280
FADC250_ALLCH_PED 125.231 139.154 107.077 112.692 127.538 120.731 130.577 137.269 107.038 125.731 120.769  82.923 123.231 104.038  95.269 139.231
FADC250_ALLCH_TET 18 18 18 18 18 18 18 18 18 18 18 18 18 18 18 18
FADC250_ALLCH_DELAY 12 12 12 12 12 12 12 12 12 12 12 12 12 12 12 12
FADC250_ALLCH_GAIN   0.145   0.141   0.137   0.125   0.121   0.137   0.137   0.137   0.133   0.129   0.137   0.129   0.129   0.141   0.137   0.148
FADC250_SLOT 10
FADC250_MODE 1
FADC250_COMPRESSION 0
FADC250_W_OFFSET 2588
FADC250_W_WIDTH  128
FADC250_NSA 40
FADC250_NSB 20
FADC250_NPEAK 1
FADC250_TRG_MASK 65535
FADC250_TRG_WIDTH 255
FADC250_TRG_MINTOT 1
FADC250_TRG_MINMULT 1
FADC250_ADC_MASK 1 1 1 1 1 1 1 1 1 1 1 1 1 1 1 1
FADC250_TET_IGNORE_MASK 0 0 0 0 0 0 0 0 0 0 0 0 0 0 0 0
FADC250_ALLCH_DAC 3280 3280 3280 3280 3280 3280 3280 3280 3280 3280 3280 3280 3280 3280 3280 3280
FADC250_ALLCH_PED 111.133 126.733 114.333 124.867  99.267  97.400 121.067 121.933 139.267  98.267 131.200  99.600 139.867 149.600 102.400 132.467
FADC250_ALLCH_TET 20 20 20 20 20 20 20 20 20 20 20 20 20 20 20 20
FADC250_ALLCH_DELAY 0 0 0 0 0 0 0 0 0 0 0 0 0 0 0 0
FADC250_ALLCH_GAIN   3.398   2.922   3.398   2.922   3.875   2.484   3.461   3.754   4.676   3.461   2.922   3.266   3.703   3.543   3.543   4.062
FADC250_SLOT 14
FADC250_MODE 1
FADC250_COMPRESSION 0
FADC250_W_OFFSET 2568
FADC250_W_WIDTH  192
FADC250_NSA 92
FADC250_NSB 12
FADC250_NPEAK 1
FADC250_TRG_MASK 65535
FADC250_TRG_WIDTH 255
FADC250_TRG_MINTOT 1
FADC250_TRG_MINMULT 1
FADC250_ADC_MASK 1 1 1 1 1 1 1 1 1 1 1 1 1 1 1 1
FADC250_TET_IGNORE_MASK 0 0 0 0 0 0 0 0 0 0 0 0 0 0 0 0
FADC250_ALLCH_DAC 3280 3280 3280 3280 3280 3280 3280 3280 3280 3280 3280 3280 3280 3280 3280 3280
FADC250_ALLCH_PED  95.385  99.346 130.192 101.269 113.885 113.308 168.308 141.038 129.692  93.038 121.808 112.654 132.923 120.115 113.000 110.769
FADC250_ALLCH_TET 18 18 18 18 18 18 18 18 18 18 18 18 18 18 18 18
FADC250_ALLCH_DELAY 12 12 12 12 12 12 12 12 12 12 12 12 12 12 12 12
FADC250_ALLCH_GAIN   0.137   0.141   0.145   0.176   0.125   0.137   0.141   0.113   0.125   0.137   0.133   0.145   0.141   0.145   0.121   0.145
FADC250_SLOT 15
FADC250_MODE 1
FADC250_COMPRESSION 0
FADC250_W_OFFSET 2568
FADC250_W_WIDTH  192
FADC250_NSA 92
FADC250_NSB 12
FADC250_NPEAK 1
FADC250_TRG_MASK 65535
FADC250_TRG_WIDTH 255
FADC250_TRG_MINTOT 1
FADC250_TRG_MINMULT 1
FADC250_ADC_MASK 1 1 1 1 1 1 1 1 1 1 1 1 1 1 1 1
FADC250_TET_IGNORE_MASK 0 0 0 0 0 0 0 0 0 0 0 0 0 0 0 0
FADC250_ALLCH_DAC 3280 3280 3280 3280 3280 3280 3280 3280 3280 3280 3280 3280 3280 3280 3280 3280
FADC250_ALLCH_PED 108.654 149.385 107.115 186.346 142.615 150.462 144.385 150.769 115.231 164.308 103.885 132.846 110.500 129.885 144.692 120.462
FADC250_ALLCH_TET 18 18 18 18 18 18 18 18 18 18 18 18 18 18 18 18
FADC250_ALLCH_DELAY 12 12 12 12 12 12 12 12 12 12 12 12 12 12 12 12
FADC250_ALLCH_GAIN   0.133   0.141   0.145   0.137   0.160   0.145   0.141   0.141   0.141   0.141   0.125   0.137   0.148   0.137   0.137   0.145
FADC250_SLOT 16
FADC250_MODE 1
FADC250_COMPRESSION 0
FADC250_W_OFFSET 2568
FADC250_W_WIDTH  192
FADC250_NSA 92
FADC250_NSB 12
FADC250_NPEAK 1
FADC250_TRG_MASK 65535
FADC250_TRG_WIDTH 255
FADC250_TRG_MINTOT 1
FADC250_TRG_MINMULT 1
FADC250_ADC_MASK 1 1 1 1 1 1 1 1 1 1 1 1 1 1 1 1
FADC250_TET_IGNORE_MASK 0 0 0 0 0 0 0 0 0 0 0 0 0 0 0 0
FADC250_ALLCH_DAC 3280 3280 3280 3280 3280 3280 3280 3280 3280 3280 3280 3280 3280 3280 3280 3280
FADC250_ALLCH_PED 114.000 144.615 118.115 138.346 156.615  82.846 113.154 113.192  80.615 108.769  86.731 131.923 128.385 107.577 105.808 117.346
FADC250_ALLCH_TET 18 18 18 18 18 18 18 18 18 18 18 18 18 18 18 18
FADC250_ALLCH_DELAY 12 12 12 12 12 12 12 12 12 12 12 12 12 12 12 12
FADC250_ALLCH_GAIN   0.129   0.129   0.137   0.141   0.176   0.117   0.137   0.137   0.137   0.141   0.137   0.141   0.141   0.148   0.137   0.129
FADC250_SLOT 17
FADC250_MODE 1
FADC250_COMPRESSION 0
FADC250_W_OFFSET 2568
FADC250_W_WIDTH  192
FADC250_NSA 92
FADC250_NSB 12
FADC250_NPEAK 1
FADC250_TRG_MASK 65535
FADC250_TRG_WIDTH 255
FADC250_TRG_MINTOT 1
FADC250_TRG_MINMULT 1
FADC250_ADC_MASK 1 1 1 1 1 1 1 1 1 1 1 1 1 1 1 1
FADC250_TET_IGNORE_MASK 0 0 0 0 0 0 0 0 0 0 0 0 0 0 0 0
FADC250_ALLCH_DAC 3280 3280 3280 3280 3280 3280 3280 3280 3280 3280 3280 3280 3280 3280 3280 3280
FADC250_ALLCH_PED  95.154  93.577 128.346 118.654 139.615  96.000 122.346 123.731 119.846  87.308 134.654 101.885  95.846  98.923  71.962 106.231
FADC250_ALLCH_TET 18 18 18 18 18 18 18 18 18 18 18 18 18 18 18 18
FADC250_ALLCH_DELAY 12 12 12 12 12 12 12 12 12 12 12 12 12 12 12 12
FADC250_ALLCH_GAIN   0.145   0.137   0.141   0.125   0.145   0.148   0.137   0.152   0.141   0.141   0.145   0.125   0.133   0.141   0.145   0.133
FADC250_SLOT 18
FADC250_MODE 1
FADC250_COMPRESSION 0
FADC250_W_OFFSET 2568
FADC250_W_WIDTH  192
FADC250_NSA 92
FADC250_NSB 12
FADC250_NPEAK 1
FADC250_TRG_MASK 65535
FADC250_TRG_WIDTH 255
FADC250_TRG_MINTOT 1
FADC250_TRG_MINMULT 1
FADC250_ADC_MASK 1 1 1 1 1 1 1 1 1 1 1 1 1 1 1 1
FADC250_TET_IGNORE_MASK 0 0 0 0 0 0 0 0 0 0 0 0 0 0 0 0
FADC250_ALLCH_DAC 3280 3280 3280 3280 3280 3280 3280 3280 3280 3280 3280 3280 3280 3280 3280 3280
FADC250_ALLCH_PED 102.923 126.077 140.577  91.962 143.769 108.808 129.692 129.769 131.769 114.115 117.385 135.692  89.654 162.615 137.077 138.846
FADC250_ALLCH_TET 18 18 18 18 18 18 18 18 18 18 18 18 18 18 18 18
FADC250_ALLCH_DELAY 12 12 12 12 12 12 12 12 12 12 12 12 12 12 12 12
FADC250_ALLCH_GAIN   0.125   0.148   0.125   0.129   0.145   0.137   0.133   0.133   0.125   0.137   0.129   0.141   0.133   0.137   0.145   0.133
FADC250_SLOT 19
FADC250_MODE 1
FADC250_COMPRESSION 0
FADC250_W_OFFSET 2568
FADC250_W_WIDTH  192
FADC250_NSA 92
FADC250_NSB 12
FADC250_NPEAK 1
FADC250_TRG_MASK 65535
FADC250_TRG_WIDTH 255
FADC250_TRG_MINTOT 1
FADC250_TRG_MINMULT 1
FADC250_ADC_MASK 1 1 1 1 1 1 1 1 1 1 1 1 1 1 1 1
FADC250_TET_IGNORE_MASK 0 0 0 0 0 0 0 0 0 0 0 0 0 0 0 0
FADC250_ALLCH_DAC 3280 3280 3280 3280 3280 3280 3280 3280 3280 3280 3280 3280 3280 3280 3280 3280
FADC250_ALLCH_PED 109.577 128.385 128.500  54.462  91.538 143.692 127.846 133.808 125.385 120.885 141.692 121.269 131.154 106.962 121.115 131.538
FADC250_ALLCH_TET 18 18 18 18 18 18 18 18 18 18 18 18 18 18 18 18
FADC250_ALLCH_DELAY 12 12 12 12 12 12 12 12 12 12 12 12 12 12 12 12
FADC250_ALLCH_GAIN   0.121   0.125   0.133   0.137   0.133   0.137   0.133   0.141   0.137   0.160   0.145   0.145   0.145   0.148   0.129   0.129
FADC250_SLOT 20
FADC250_MODE 1
FADC250_COMPRESSION 0
FADC250_W_OFFSET 2568
FADC250_W_WIDTH  192
FADC250_NSA 92
FADC250_NSB 12
FADC250_NPEAK 1
FADC250_TRG_MASK 65535
FADC250_TRG_WIDTH 255
FADC250_TRG_MINTOT 1
FADC250_TRG_MINMULT 1
FADC250_ADC_MASK 1 1 1 1 1 1 1 1 1 1 1 1 1 1 1 1
FADC250_TET_IGNORE_MASK 0 0 0 0 0 0 0 0 0 0 0 0 0 0 0 0
FADC250_ALLCH_DAC 3280 3280 3280 3280 3280 3280 3280 3280 3280 3280 3280 3280 3280 3280 3280 3280
FADC250_ALLCH_PED 110.154  91.038 107.769 127.885  82.808 116.154 105.269  86.577 125.500  81.423 103.808  98.077 106.962 100.000 100.000 100.000
FADC250_ALLCH_TET 18 18 18 18 18 18 18 18 18 18 18 18 18 18 18 500
FADC250_ALLCH_DELAY 12 12 12 12 12 12 12 12 12 12 12 12 12 12 12 12
FADC250_ALLCH_GAIN   0.137   0.133   0.117   0.129   0.129   0.148   0.152   0.141   0.125   0.141   0.152   0.145   0.133   1.000   1.000   1.000

