1  1.00309597523
3  0.708835341365
4  0.770661157025
5  0.807465618861
6  1.01832669323
7  1.52577319588
9  0.907114624506
10  0.924901185771
11  1.11733615222
12  0.941398865784
13  0.954455445545
15  0.961759082218
16  0.961770623742
17  0.96380952381
18  0.968164794007
19  0.98275862069
20  0.968105065666
21  0.959219858156
22  0.95390070922
23  0.960784313725
24  0.955684007707
25  0.966861598441
26  0.968503937008
27  0.972324723247
28  1.2709113608
31  0.978
32  0.969523809524
33  0.965048543689
34  0.966010733453
35  0.964285714286
37  0.967332123412
38  0.957671957672
39  0.971631205674
40  0.970175438596
41  0.977815699659
42  0.955985915493
43  0.970123022847
44  0.958558558559
45  0.960344827586
46  0.971880492091
47  0.966499162479
48  0.966725043783
49  0.941373534338
50  0.940705128205
51  0.957337883959
52  0.948675496689
53  0.937943262411
54  0.945945945946
55  0.92118226601
56  0.912106135987
57  0.892976588629
58  0.866666666667
59  0.818671454219
60  0.758887171561
61  0.741732283465
62  0.692573402418
63  0.666149068323
64  0.652597402597
65  0.634105960265
66  0.709677419355
67  0.776041666667
68  0.805042016807
69  0.824175824176
70  1.45562770563
71  0.916139240506
74  0.942424242424
75  0.964285714286
77  0.963756177924
79  0.968013468013
80  0.966101694915
81  0.968515742129
82  0.977742448331
83  0.963072378139
84  0.962292609351
85  0.965798045603
86  0.971212121212
87  0.970760233918
89  0.96905766526
90  0.972265023112
91  0.980303030303
93  0.970542635659
94  0.971212121212
95  0.970254957507
96  0.964438122333
97  0.978201634877
99  1.16347031963
100  0.964038727524
101  0.976261127596
102  0.977110157368
103  0.961325966851
104  0.973013493253
105  0.965893587995
106  0.967559943583
107  0.970238095238
108  0.971467391304
109  0.972337482711
110  1.13522458629
111  0.970972423803
112  0.963660834455
113  0.97425997426
114  0.972037283622
115  0.973007712082
116  0.968112244898
117  0.965659340659
118  0.975195822454
119  0.964010282776
120  0.961190168176
121  0.972081218274
122  0.975675675676
123  0.966584158416
124  1.10699062234
125  0.954239569314
126  1.13195876289
127  0.926560587515
128  0.910941475827
129  0.872286079183
130  0.899732620321
131  0.893453145058
132  0.914285714286
133  0.902116402116
135  0.939729397294
136  1.12021857923
137  0.954372623574
138  0.967005076142
139  0.968561064087
140  0.97845373891
141  0.966580976864
142  1.28419328419
143  0.959523809524
144  0.967509025271
145  0.967193195626
146  0.97005988024
147  0.976218787158
148  1.08061104583
149  0.968384074941
150  0.983451536643
151  0.980659840728
152  0.974117647059
153  0.976387249115
154  0.96847826087
155  0.975225225225
156  0.979428571429
157  0.978770949721
158  1.20437956204
159  0.964772727273
160  0.979005524862
161  1.29808429119
162  0.969827586207
163  0.969473684211
164  0.97213622291
165  1.12210150803
166  0.986514522822
167  0.968096809681
168  0.975609756098
169  0.968950749465
170  0.977091633466
171  0.970984455959
172  0.97124600639
173  0.975840336134
174  0.976016684046
175  1.21272630458
176  0.96750524109
177  1.61367521368
178  0.977202072539
179  0.982591876209
180  0.982053838485
181  0.976066597294
182  1.09776315789
183  0.974798387097
184  0.979838709677
185  1.06016632722
186  0.977485928705
187  0.972301814709
188  0.971082089552
189  0.971590909091
190  0.97462406015
191  0.973102785783
192  0.972304648863
193  0.965549348231
194  0.975198412698
195  0.963503649635
197  0.97287522604
198  0.972485768501
199  1.10116946161
200  0.970873786408
201  0.978825794033
202  0.977880184332
203  0.974130240856
204  0.96803652968
205  0.976342129208
206  1.17297297297
207  0.96872207328
208  0.985281385281
209  0.977168949772
210  0.976063829787
211  0.977758007117
212  1.07576271186
213  0.979695431472
214  0.975945017182
215  0.97193877551
216  0.978003384095
217  0.972312703583
218  0.977508650519
219  0.973183391003
220  1.11272909867
221  0.973619126134
222  0.977611940299
223  0.973839662447
224  0.973018549747
225  0.976916735367
226  0.97852233677
227  0.9816360601
228  0.97853014038
229  1.06072934389
230  0.97868852459
231  0.976038338658
232  0.975227085054
233  1.35918241578
234  0.964696853415
235  0.96723996724
236  0.977900552486
237  0.972850678733
238  0.976706827309
239  1.05543420509
240  0.976951672862
241  0.975441289332
242  1.15676828849
243  0.975646879756
244  0.97900466563
245  0.975987606507
246  0.971620612397
247  0.971277399849
248  0.966335118592
249  0.963262307127
250  1.06134453782
251  0.949386503067
252  0.945163747144
253  0.927259368112
254  0.91381872214
255  0.914144968332
256  0.892418772563
257  0.892983699504
258  0.892697466468
259  0.916607773852
260  0.993295019157
261  1.01144072087
262  1.06556733412
263  0.95952547104
264  0.968162083936
265  0.969507969508
266  0.975988700565
267  0.97
268  1.05145530146
269  0.980821917808
270  0.973793103448
271  0.98073089701
272  1.13232204172
273  0.977115117892
274  0.977209944751
275  0.981632653061
276  0.979919678715
277  0.987333333333
278  0.981947130883
279  0.97789336801
280  0.982826948481
281  0.979301423027
282  1.05310404499
283  0.981795354677
284  0.97898883782
285  0.9800386349
286  0.978064516129
287  0.974506054812
288  0.979617834395
289  0.984952978056
290  1.03037716616
291  0.973023839398
292  0.975029726516
293  1.22957259585
294  1.03907685242
295  1.04801690195
296  0.982206405694
297  0.981373690338
298  1.02252712189
299  1.12720720721
300  0.976062238181
301  0.973365617433
302  0.967741935484
303  0.970396684429
304  0.962017804154
305  1.04967741935
306  0.944444444444
307  1.00683470463
308  0.994618568894
309  0.857811585723
310  0.837290098437
311  0.767115272089
312  0.676072234763
313  0.612794612795
314  0.526286353468
315  0.443433769187
316  0.434389140271
317  0.436295503212
318  0.4921875
319  0.551835853132
320  0.641717116125
321  0.702497285559
322  0.773847802787
323  0.843327930848
324  0.889012827663
325  0.928800856531
326  0.981689221273
327  0.954641350211
328  0.957051961824
329  0.970731707317
330  0.963719979561
331  0.977687626775
332  0.972237052856
333  1.04191505216
334  0.98023715415
335  0.974268415742
336  0.979396984925
337  0.977533699451
338  0.978136882129
339  0.971915747242
340  0.983661701105
341  1.03723691311
342  0.977040816327
343  0.977261731979
344  1.08337269721
345  0.978883153449
346  0.985398021667
347  1.02737254498
348  0.973770491803
349  0.979962721342
350  0.985004686036
351  0.987946221604
352  0.979024167807
353  1.0428321443
354  1.04182330827
355  1.02241422489
356  1.03304919994
357  0.98417721519
358  0.982408660352
359  1.02402606777
360  0.975845410628
361  0.979609929078
362  0.979680069174
363  0.979820627803
364  0.986875529213
365  0.983157894737
366  1.03796296296
367  0.981512605042
368  0.983750548968
369  0.979760429575
370  1.03137348821
371  1.01241911056
372  0.978705636743
373  0.978732454275
374  0.983029801325
375  0.974604496253
376  0.981930184805
377  0.979686838764
378  1.02427497315
379  0.978507704785
380  0.972232934825
381  0.978511738957
382  0.968887116075
383  0.968158000806
384  0.968836291913
385  0.970462495142
386  0.978125
387  0.978009259259
388  0.977170658683
389  1.02465565413
390  0.980260707635
391  1.02392816076
392  1.05705052702
393  1.02302561497
394  1.01507011229
395  0.982116788321
396  0.978325859492
397  0.984564498346
398  0.975779816514
399  0.98295033358
400  0.980502437195
401  0.983900475668
402  1.01401430601
403  1.02599030043
404  0.982646420824
405  0.982019363762
406  1.05965108165
407  0.981132075472
408  0.983417935702
409  0.980212014134
410  0.981034482759
411  0.981837233671
412  0.980816184165
413  0.981385729059
414  0.979422502489
415  1.06348993289
416  0.981364392679
417  0.984750931887
418  0.983164983165
419  0.981987991995
420  1.01519476158
421  1.07310277996
422  1.01495234965
423  0.982393218128
424  0.981654436291
425  0.980071871937
426  1.03094155141
427  1.03087519869
428  1.00631153305
429  1.09109425481
430  0.978213507625
431  0.984173126615
432  0.984096692112
433  0.976344086022
434  1.02891722498
435  0.980465116279
436  1.01992531205
437  1.01082243845
438  0.968205441761
439  0.955877815489
440  1.01902881444
441  0.935022354694
442  0.942521073755
443  0.858932299433
444  0.811509101585
445  0.7761663286
446  0.689439225733
447  0.68594720154
448  0.662878787879
449  0.701500234412
450  0.768607442977
451  0.784141212926
452  0.844928526851
453  0.862118184413
454  0.947457300724
455  0.925210084034
456  1.03167967766
457  0.958636109558
458  0.997174411039
459  1.00214639423
460  0.976584022039
461  1.00730451443
462  1.00622363803
463  0.974662627375
464  0.984366428963
465  0.982942430704
466  1.01261057783
467  0.983477789816
468  1.03693033002
469  0.986319742489
470  0.984555984556
471  1.00947409523
472  0.98678996037
473  1.00372306078
474  1.0108859444
475  0.989110225764
476  1.01469745223
477  0.985761505212
478  0.982993197279
479  0.986639260021
480  1.01905256135
481  0.985395849347
482  0.984615384615
483  0.986597938144
484  1.0880838062
485  0.984696569921
486  0.988143289606
487  1.04197157036
488  0.985808413583
489  1.06592445109
490  0.984239959329
491  0.982602118003
492  1.04701524859
493  1.03170565896
494  1.03921643892
495  1.02130010669
496  1.07011859382
497  0.987397119342
498  1.00782321565
499  1.01250953107
500  1.02986453202
501  0.987555094633
502  0.987736080451
503  1.00933098592
504  1.01265759922
505  1.02959200948
506  0.985600411417
507  1.01188365952
508  1.01288363532
509  0.980130718954
510  1.01413826004
511  0.985603838976
512  0.98867526995
513  0.985015772871
514  0.988035097049
515  1.01895043732
516  0.987274655355
517  1.00219745793
518  0.987369577155
519  0.985968699406
520  0.986622986623
521  1.01682939579
522  1.00550964187
523  0.985363159348
524  0.987854251012
525  1.03107278121
526  1.01369234012
527  1.01643925695
528  1.01109185676
529  1.00998256445
530  0.988326848249
531  0.990965732087
532  1.0123651772
533  1.07945506609
534  1.06702280955
535  1.0158030034
536  1.02214449488
537  1.01321535279
538  1.01617274237
539  0.989560835133
540  0.989774330042
541  0.985611510791
542  0.98786959818
543  0.987556561086
544  1.02009210021
545  1.02265563436
546  0.98499594485
547  0.983718937446
548  0.988510638298
549  0.988084326306
550  0.991296381127
551  0.98873768184
552  1.02053019733
553  0.98866563627
554  0.986508364814
555  0.983915696062
556  1.0681041593
557  1.03195518805
558  0.981851179673
559  0.983020012129
560  0.995283018868
561  1.21789507564
562  1.09582428192
563  0.988165680473
564  0.982470119522
565  1.05603038936
566  0.98864628821
567  0.980169971671
568  0.984877126654
569  0.980972515856
570  1.12330998534
571  0.980186480186
572  0.987063389392
573  1.0646090535
574  0.980079681275
575  0.971350613915
576  0.975422427035
577  1.13745130774
578  0.96786389414
579  0.969199178645
580  0.965596330275
581  0.965357967667
582  0.973509933775
583  1.1438547486
584  1.28257191201
585  1.20356037152
589  0.975369458128
590  0.904458598726
591  1.16071428571
592  0.950920245399
593  1.25114155251
595  1.09268292683
