1  1.49929078014
2  0.761224489796
4  1.3198757764
7  0.952182952183
8  0.950819672131
9  0.955555555556
10  0.967462039046
11  0.975855130785
12  0.981515711645
13  0.977272727273
14  0.991683991684
15  0.972277227723
16  0.988165680473
17  0.984031936128
20  0.976014760148
21  0.989090909091
22  0.986381322957
23  1.30729166667
24  0.990974729242
25  0.991507430998
26  0.993963782696
27  0.992292870906
29  0.991718426501
30  0.986083499006
31  0.983754512635
32  0.991150442478
33  0.98440545809
35  0.996592844974
36  0.989189189189
38  0.977192982456
39  0.987158908507
42  0.985688729875
44  0.987719298246
45  0.991582491582
47  0.982110912343
48  0.987155963303
49  0.990909090909
50  0.985074626866
53  0.989898989899
54  0.991816693944
56  0.990580847724
57  0.983766233766
58  0.989045383412
59  0.990476190476
61  0.988195615514
62  0.989583333333
63  1.47894736842
64  1.17908082409
68  0.986404833837
69  0.983655274889
70  0.988352745424
71  0.995356037152
72  0.99375975039
73  0.987596899225
74  0.987823439878
75  0.982785602504
76  0.993650793651
78  0.989345509893
79  0.988455988456
80  0.986301369863
81  0.992836676218
83  0.984871406959
84  0.990769230769
85  0.992700729927
86  0.989898989899
87  0.992366412214
88  0.986404833837
89  0.990839694656
90  0.988077496274
91  0.991366906475
92  0.991428571429
93  1.13455149502
94  1.18427947598
95  0.989425981873
96  0.987361769352
97  1.47285067873
99  0.986784140969
100  0.989145183175
101  0.98595505618
102  0.988422575977
105  0.994350282486
106  0.98331015299
107  1.13338595107
108  0.992084432718
109  0.995744680851
110  0.991946308725
112  0.987063389392
113  1.23953974895
114  0.993036211699
115  0.99358974359
116  0.987163029525
117  0.985257985258
118  0.987163029525
119  0.991858887381
120  0.983418367347
121  1.1953307393
122  0.987745098039
123  0.983770287141
124  0.988110964333
126  1.1562099872
127  0.9915356711
128  0.982142857143
129  0.993849938499
130  0.986842105263
131  0.99512195122
133  0.990024937656
134  0.994962216625
135  0.987028301887
136  0.988081048868
137  1.15770379855
138  0.992628992629
139  0.981651376147
140  0.990675990676
141  0.989485981308
142  0.9875
143  0.987399770905
145  0.992779783394
146  0.987570621469
147  0.988344988345
148  0.990498812352
149  0.985838779956
150  0.983333333333
151  0.984782608696
152  0.988247863248
153  0.985409652076
154  0.989702517162
155  0.993303571429
156  1.12744783307
157  0.990466101695
158  0.984144960362
159  0.986681465039
160  0.993534482759
161  0.983660130719
162  0.988662131519
163  0.993189557321
164  0.991967871486
165  0.984567901235
166  0.985263157895
167  0.986681465039
168  0.988069414317
169  0.990077177508
170  1.16428814135
171  0.98738170347
172  0.995666305525
173  0.989106753813
174  0.991683991684
175  0.988843813387
176  0.988347457627
177  0.990039840637
178  1.11371614845
179  0.984771573604
180  0.988809766022
181  0.986460348162
182  0.993582887701
183  0.992063492063
184  0.98233562316
185  0.981909547739
186  0.992141453831
187  0.990557129367
188  0.984747378456
189  0.989247311828
190  0.988188976378
191  0.984712230216
192  0.989661654135
193  0.991674375578
194  0.987692307692
195  0.991477272727
196  0.989861751152
197  0.990619136961
199  0.988657844991
200  0.98891966759
201  0.989833641405
202  0.988464951198
203  0.990152193375
204  0.988888888889
205  0.986206896552
206  0.989990900819
207  0.996587030717
208  0.992201039861
209  0.986922406277
210  1.15275229358
211  0.985593220339
212  0.98812553011
213  0.991511035654
214  1.15355805243
215  0.980718667835
216  0.988215488215
217  0.989795918367
218  1.15743183817
219  0.98875432526
220  0.990016638935
221  0.992555831266
222  1.12315270936
223  0.988304093567
224  0.990243902439
225  1.12412177986
226  1.15997815998
227  0.987765089723
228  0.985318107667
229  0.986688851913
230  0.993574297189
231  0.993150684932
232  0.988608624898
233  0.985362095532
234  0.98787388844
235  0.986749805144
236  0.988290398126
237  0.987169811321
238  0.986143187067
239  0.992475545523
240  0.987814166032
241  1.12662822977
242  0.991729323308
243  0.991318074191
244  0.989425981873
245  0.993506493506
246  0.983013293944
247  0.991416309013
248  0.988830975428
249  0.985894580549
250  0.987284966343
251  1.09827084403
252  1.0480349345
253  0.984721161192
254  0.986457590877
255  0.987934705465
256  0.988411724608
257  1.09579100145
258  0.987438939288
259  0.990063875089
260  0.98892733564
261  0.986713286713
262  0.989704873027
263  0.988795518207
264  1.07274947662
265  1.06203816916
266  0.98275862069
267  0.989333333333
268  1.05476815398
269  1.14397773279
270  0.988857938719
271  1.07490272374
272  0.987788331072
273  0.988079470199
274  0.986495176849
275  0.990039840637
276  0.982456140351
277  0.979537953795
278  0.987702265372
279  0.988446726573
280  1.23759305211
281  0.989634146341
282  0.984761904762
283  0.987068965517
284  0.991271820449
285  0.990049751244
286  0.986169573061
287  1.18913699457
288  0.98905775076
289  1.0628956597
290  0.987797437462
291  0.986560781918
292  1.10230026339
293  0.988271604938
294  0.992709599028
295  0.987676056338
296  0.99062133646
297  0.991554054054
298  1.07500662603
299  0.989749430524
300  0.992220227409
301  0.988378527947
302  0.985365853659
303  0.987334801762
304  0.988412514484
305  1.05763451631
306  1.06982237339
307  0.986870897155
308  0.989271597967
309  0.990055248619
310  0.991125901276
311  1.11430369128
312  0.989047097481
313  0.990389749066
314  0.985861881457
315  0.99323943662
316  0.992378878606
317  0.990280777538
318  1.04360587002
319  0.988648648649
320  0.987247608927
321  0.986437141367
322  0.988223246288
323  0.989299090423
324  1.11111825193
325  1.04642386486
326  0.990731204943
327  0.986888552698
328  0.987748851455
329  0.990634755463
330  0.989665354331
331  0.98779867819
332  0.989189189189
333  0.988918205805
334  0.992503748126
335  0.989325570112
336  1.04531790596
337  1.07338488803
338  1.03517475641
339  0.989879518072
340  1.03692905734
341  0.987365465606
342  0.988420565076
343  0.988240827846
344  0.990415335463
345  0.985141828005
346  1.04451312939
347  0.983848638671
348  0.984834558824
349  1.09691808597
350  1.03352115915
351  0.987007362495
352  0.987732848705
353  0.986104678092
354  0.984149184149
355  0.993772241993
356  0.990905153746
357  0.985975350616
358  0.991629955947
359  0.988546255507
360  1.04252337522
361  0.989097252508
362  0.987810004203
363  0.98945592577
364  0.987852494577
365  0.990158322636
366  0.98812553011
367  0.987546699875
368  0.984447246742
369  1.05208057639
370  0.989162150896
371  0.991480730223
372  0.991704686852
373  0.986760446835
374  0.987737341772
375  0.990079365079
376  1.04787652379
377  0.989092325672
378  1.07414141414
379  0.985835694051
380  0.987023200944
381  1.03600271584
382  0.987150415722
383  1.03834094285
384  0.989332279731
385  0.987863184994
386  1.0789517388
387  0.992147624656
388  0.986712224753
389  0.989082969432
390  0.987672768024
391  1.03511016347
392  0.992154065621
393  0.987198795181
394  0.991544117647
395  0.98833819242
396  0.991443850267
397  0.986281588448
398  1.0347376201
399  1.07140909091
400  0.988347457627
401  0.984479717813
402  0.98740818468
403  1.04633220394
404  0.988608905765
405  0.987363387978
406  0.987280852527
407  1.01339394679
408  1.04159994306
409  0.986528497409
410  0.989809782609
411  0.990023279016
412  0.987261146497
413  0.989010989011
414  0.987833727611
415  0.985573770492
416  0.990173599738
417  1.02099536933
418  1.02809679529
419  0.985991722381
420  0.984215718514
421  1.03721912325
422  0.987567739879
423  0.989497866754
424  1.03756190476
425  0.989434431324
426  0.987123115578
427  0.990962916797
428  0.990086741016
429  0.985047299359
430  0.986228482003
431  0.990424895272
432  0.98708884107
433  0.992451690821
434  0.987299667372
435  0.989156626506
436  1.02531213153
437  0.988348962774
438  0.992792792793
439  0.989834446703
440  0.988388969521
441  0.989655172414
442  0.991688928465
443  1.02849085741
444  1.01588085827
445  0.989527229204
446  1.05317620006
447  0.98656759074
448  0.986681779541
449  0.986951693504
450  0.988077929631
451  0.990193331465
452  1.02093371444
453  0.988345650938
454  0.988186813187
455  0.990142387733
456  1.02126003321
457  0.989569036508
458  1.01703294053
459  0.988660907127
460  0.988769913816
461  0.989224137931
462  0.991336308742
463  0.986753246753
464  1.02670637826
465  1.01558646025
466  1.01508871094
467  0.986999204033
468  1.06251934985
469  1.01345046446
470  1.01904271745
471  1.01504070378
472  0.988182046769
473  0.988857938719
474  1.02924275672
475  1.01044635934
476  0.98847983972
477  1.05659004817
478  0.989502624344
479  0.989152371342
480  0.984840954274
481  0.988279301746
482  0.988311365332
483  0.988783223604
484  1.02030903035
485  0.989076464747
486  1.03232323232
487  0.98972520908
488  1.01795344657
489  0.988078541374
490  1.01451905626
491  1.01544782597
492  1.03824720171
493  0.991775520077
494  0.991116446579
495  0.987502892849
496  0.988478720903
497  0.990407112775
498  0.988374796559
499  0.985562130178
500  1.02460095305
501  0.988571428571
502  1.01248897957
503  0.988806805462
504  1.0147601476
505  0.990384615385
506  1.00603273807
507  1.01390892696
508  1.012509123
509  0.989637305699
510  0.991718889884
511  0.989786654562
512  1.00214824928
513  1.00773607459
514  1.07120380534
515  0.988734835355
516  0.991894395553
517  1.01189213755
518  1.00668835394
519  1.01449275362
520  0.987259722843
521  1.01827816063
522  0.987517022242
523  0.986778316439
524  0.987967914439
525  1.02687187506
526  0.990536971831
527  1.00764044944
528  0.991229993422
529  1.00263736264
530  1.00830498255
531  1.00887242657
532  0.988705473501
533  0.987928432852
534  1.00542740841
535  1.00597040287
536  0.989104380039
537  1.02584808596
538  1.0100611708
539  0.989144882588
540  0.989494859186
541  0.988598256204
542  0.987753284346
543  1.00957141986
544  1.00634242032
545  0.991053455603
546  0.990833892242
547  0.989095865516
548  0.988873751135
549  1.01236040019
550  1.01116226724
551  1.0031913215
552  1.00845159541
553  1.00624845165
554  1.00978182989
555  0.990702226572
556  1.03311577614
557  0.990050958505
558  1.01021508628
559  0.990253411306
560  0.987230846269
561  0.988943488943
562  0.988023952096
563  0.988603988604
564  0.990580847724
565  0.989353207346
566  1.05143023757
567  1.06439726027
568  0.991933160472
569  0.990217998882
570  0.989550072569
571  1.018971188
572  0.990754117307
573  1.01565065369
574  0.98900091659
575  0.989289191821
576  1.20336695652
577  0.988683127572
578  0.993430152144
579  0.988347457627
580  0.986550345329
581  1.02180689508
582  0.985162046076
583  0.989723320158
584  0.98623655914
585  1.08284871471
586  0.987151085512
587  0.988388295402
588  0.984983575786
589  1.06198803673
590  1.04044535333
591  0.98698594482
592  1.05112107623
593  0.983701979045
594  1.09763880026
595  0.984563758389
596  0.976383763838
597  0.977883096367
598  0.978004713276
599  0.979223125565
600  1.07080504365
601  0.983974358974
602  0.975917431193
603  0.975
604  1.17894736842
605  0.968102073365
606  0.979094076655
608  1.15076923077
609  1.15
610  0.929292929293
611  0.926470588235
614  1.38157894737
615  0.886363636364
616  0.902173913043
617  0.860465116279
618  0.810344827586
619  0.745454545455
620  0.8
621  0.782608695652
622  0.727272727273
623  0.607142857143
624  0.533333333333
628  0.5
630  0.454545454545
631  0.764705882353
632  0.466666666667
