1  1.25706313219
2  0.947934161908
3  0.9357389367
4  1.00754195878
5  1.01889920424
6  0.966325660699
7  0.975803252678
8  0.985426008969
9  0.979636363636
10  1.03368989303
11  1.03132678133
12  0.985208012327
13  0.987087087087
14  0.988882025942
15  0.986103068906
16  0.984375
17  1.01900855502
18  0.987830687831
19  1.01512730593
20  0.986125126135
21  1.01081178541
22  1.00870358828
23  0.98752446184
24  1.00962609387
25  1.01125149701
26  1.01045029508
27  1.02821340713
28  0.987185251799
29  0.987687486009
30  1.01092413327
31  0.988883948422
32  1.03883769574
33  0.988923719958
34  0.987154365339
35  1.0022393958
36  0.986167269632
37  1.00867896866
38  1.00637765834
39  0.986082260075
40  1.00458311792
41  0.98621966269
42  1.02072853775
43  1.00389565107
44  1.00326254232
45  1.00615953947
46  0.988815658079
47  1.00347577183
48  0.988447507094
49  1.02040534666
50  0.989707698641
51  0.988376835237
52  1.00170579972
53  0.985205917633
54  1.02069827048
55  1.02055574667
56  0.986579995806
57  1.01180554783
58  1.00646766169
59  1.00688694542
60  0.983576267707
61  0.982961716449
62  0.982362940926
63  1.01091100691
64  0.983970406905
65  1.01774994371
66  1.04401635419
67  1.02960502516
68  0.986753574432
69  1.05639534884
70  1.00439630243
71  1.00911343081
72  0.987802313354
73  1.00298611034
74  0.986649440138
75  1.02526252698
76  1.01261790243
77  1.03311099611
78  1.00971314452
79  1.0100770077
80  1.01124067977
81  0.98946906538
82  1.00736292801
83  0.984492588369
84  0.987973678239
85  0.986021743954
86  1.00463696046
87  0.986255069851
88  1.00603864734
89  0.987533998187
90  0.987617518918
91  0.989740082079
92  0.989816700611
93  0.989634864547
94  1.01493930906
95  0.987877347278
96  0.986101459347
97  1.00531365713
98  0.990179640719
99  0.989836917986
100  1.01675436777
101  1.00440811092
102  0.985545023697
103  1.00659408989
104  1.00497430688
105  1.04366634019
106  0.986387943607
107  0.986274981941
108  1.00926598837
109  1.0138920135
110  1.00803842058
111  0.98906016907
112  0.989861523244
113  0.987688442211
114  0.986063569682
115  0.988747186797
116  1.01733508246
117  1.00581858673
118  1.04376794131
119  1.01589614992
120  1.06165050434
121  0.985836451096
122  1.01231219761
123  1.06632550778
124  1.03598879103
125  1.02746971317
126  0.986253369272
127  0.989975616364
128  0.989253089737
129  1.06302159679
130  0.987880496054
131  0.98777173913
132  1.02345744997
133  0.987643920247
134  1.02594198817
135  1.01961699721
136  0.98883305416
137  0.985255854293
138  0.992366412214
139  0.991582491582
140  1.01922639363
141  0.990638297872
142  0.984944991314
143  0.988718542089
144  0.989153359446
145  1.02207167403
146  0.989185941724
147  0.987871437235
148  0.984790874525
149  0.985109489051
150  0.988385598142
151  1.02630667652
152  0.98624813154
153  0.986371895821
154  0.984460694698
155  0.986540226369
156  0.985038167939
157  0.986825595985
158  0.986540226369
159  1.07118055556
160  1.04295388697
161  1.04367631297
162  1.13032973916
163  1.02540079117
164  0.988465235501
165  1.04308172753
166  0.987793125602
167  1.02173613661
168  1.0941959811
169  0.9908166612
170  1.02966984754
171  0.988749172733
172  0.988218988219
173  0.983745343718
174  0.987298317885
175  0.988091300033
176  0.988267770876
177  1.02354145343
178  1.02600142401
179  1.03923809524
180  0.99170984456
181  0.988136775994
182  0.989792198323
183  0.988812702995
184  0.986256781193
185  0.989913544669
186  0.987174919843
187  0.986447931526
188  0.987151248164
189  0.986661726565
190  0.987327618338
191  0.990583122057
192  0.988686131387
193  0.985857834016
194  0.988095238095
195  0.987141807494
196  0.981333333333
197  1.0252131127
198  0.989631336406
199  1.04716933868
200  0.989432485323
201  0.98406676783
202  1.03279360125
203  0.991819244254
204  0.992724333064
205  0.987043580683
206  0.986539984165
207  1.11698337292
208  0.990661794559
209  0.991107518189
210  1.02350862889
211  0.990654205607
212  0.98590965603
213  1.0712962963
214  0.988431876607
215  0.989024905023
216  0.99171156237
217  1.05933974091
218  1.02944258173
219  0.990744821507
220  0.988931460196
221  0.988616462347
222  0.988031914894
223  0.990132990133
224  1.04827213823
225  1.03225806452
226  0.988225032708
227  0.988031914894
228  1.03006681514
229  0.987935656836
230  0.987590928541
231  0.988584474886
232  0.989773232548
233  0.98664825046
234  0.990033222591
235  0.98328061455
236  0.991408114558
237  1.04498626374
238  0.988411395461
239  0.988888888889
240  0.989109848485
241  0.987921489683
242  1.06883556376
243  0.989639861865
244  0.987400839944
245  0.986653484923
246  0.987427466151
247  1.03776104905
248  1.02998270229
249  0.991228070175
250  0.9875
251  0.986947791165
252  0.983778126635
253  1.09803921569
254  1.0313767734
255  1.03850385039
256  0.988277268094
257  0.989706639218
258  0.989572471324
259  1.07821067821
260  0.984475374732
261  0.987261146497
262  0.987321711569
263  0.991717283269
264  0.985983827493
265  0.988565488565
266  1.03891003565
267  0.988247863248
268  1.05213976165
269  0.989577619309
270  1.04305019305
271  1.05040929337
272  0.989702517162
273  0.99268018018
274  0.988202247191
275  1.06368715084
276  1.064863468
277  0.985409652076
278  0.987035945787
279  1.10086455331
280  1.1450844716
281  0.987544483986
282  1.05700483092
283  0.98803111909
284  0.985020970641
285  0.99109263658
286  1.10956145585
287  0.986778846154
288  0.988895743368
289  1.04750593824
290  0.987492555092
291  1.17191072401
292  0.984690753215
293  0.988065326633
294  1.09578544061
295  0.987760097919
296  0.988020176545
297  0.991756499683
298  0.988629185092
299  0.986547085202
300  0.991156032849
301  0.98545935228
302  0.985415345593
303  0.985924112607
304  0.989763275752
305  0.982306684142
306  1.0597267404
307  0.984737889847
308  1.18180669615
309  0.984049930652
310  0.980821917808
311  0.980164158687
312  1.35749174917
313  0.954603580563
314  0.947440273038
315  0.938010899183
316  0.912280701754
317  0.893557422969
318  0.873578595318
319  0.879360465116
320  0.868154158215
321  0.859491778774
322  0.890363128492
323  0.906841339156
324  0.916256157635
325  0.949695121951
326  0.954048140044
327  0.963282937365
328  0.96766743649
329  0.977449455677
330  1.05145929339
331  0.980392156863
332  0.979895755771
333  0.985967503693
334  0.984455958549
335  0.986975397974
336  0.987692307692
337  0.989489489489
338  0.989002932551
339  0.993222891566
340  0.987062404871
341  0.985051140834
342  1.15335868188
343  0.991064175467
344  0.987971130714
345  0.993532740501
346  1.11698337292
347  1.31416400426
348  0.986145069275
349  0.983922829582
350  0.990968801314
351  1.06151400269
352  0.989771833202
353  0.985959438378
354  0.989088074825
355  0.991546914624
356  0.985074626866
357  0.992379339543
358  1.09798406001
360  0.986042692939
361  0.9884009942
362  0.988195615514
363  0.989084802687
364  0.984098939929
365  0.990459670425
366  0.991204925242
367  1.11410651408
368  0.98773006135
369  0.983050847458
370  0.994840928633
371  0.988549618321
372  0.99512195122
373  0.989010989011
374  1.47363796134
375  0.986276303751
376  0.986522911051
377  0.987237921604
378  0.991913746631
379  0.991758241758
380  1.1891598916
381  0.98406374502
382  0.98955365622
383  0.985875706215
384  0.986338797814
385  0.993230174081
386  0.989757914339
387  0.986704653371
388  0.987781954887
389  0.985294117647
390  0.991270611057
391  0.994994994995
392  0.988083416087
393  0.988805970149
394  0.984520123839
395  0.984924623116
396  1.32146389713
397  0.990844354018
398  0.994855967078
399  0.987915407855
400  0.985985985986
401  0.987854251012
402  0.989909182644
403  0.989484752892
404  0.988814317673
405  0.990654205607
406  0.989361702128
408  0.983183856502
409  0.988814317673
410  0.985745614035
411  1.12760340276
412  0.989819004525
413  0.993189557321
414  0.991323210412
415  0.991525423729
416  1.18864353312
417  1.12337662338
418  0.993189557321
419  0.995776135164
420  0.988317757009
421  0.989522700815
422  0.986622073579
423  0.990566037736
424  0.984988452656
425  0.990665110852
426  1.1297057373
427  0.98773006135
428  0.993983152828
429  0.989182692308
430  0.989898989899
431  0.997787610619
432  0.987268518519
433  0.989142236699
434  0.982658959538
435  0.988304093567
436  0.985981308411
437  0.991764705882
438  0.985436893204
439  1.23076923077
441  0.981981981982
442  0.988984088127
443  0.981389578164
444  0.978208232446
445  0.990719257541
446  0.990279465371
447  1.15243902439
448  0.990159901599
449  0.985765124555
450  0.987577639752
452  0.983827493261
453  0.980694980695
455  1.47628458498
456  0.992317541613
457  0.985824742268
458  0.994891443167
459  0.99203187251
460  0.992546583851
461  0.991769547325
462  0.985115020298
463  0.991989319092
464  0.988015978695
465  0.987688098495
467  0.98431372549
468  0.991477272727
469  0.987586206897
470  0.988700564972
471  0.984615384615
473  0.994211287988
474  1.09080779944
475  0.99273255814
476  0.983383685801
477  0.983257229833
478  0.984984984985
479  0.985315712188
480  0.987915407855
481  0.983988355167
482  0.991124260355
483  0.989280245023
484  0.998571428571
485  0.986725663717
486  0.99375
487  0.994211287988
488  0.986468200271
489  0.984104046243
490  0.989766081871
491  0.990712074303
492  0.989113530327
494  0.988976377953
495  0.989660265879
496  0.995073891626
497  0.98275862069
499  0.985981308411
500  0.98773006135
502  0.987301587302
503  0.981186685962
505  0.97868852459
506  0.991935483871
507  1.18288431062
508  0.990881458967
509  0.978193146417
510  1.22512437811
511  0.988888888889
512  0.989813242784
513  0.986688851913
515  0.990016638935
518  0.990353697749
519  0.991525423729
520  0.991596638655
521  1.47704081633
522  0.989110707804
523  0.984536082474
524  0.982892690513
526  0.993043478261
528  0.98324958124
529  0.981818181818
531  0.988562091503
532  0.989285714286
533  0.998165137615
536  1.48415492958
537  0.989436619718
538  0.98951048951
539  0.996168582375
541  0.988549618321
542  1.31838006231
543  0.991919191919
544  0.984455958549
545  0.988614800759
546  0.987603305785
548  0.992217898833
551  0.988826815642
552  0.992351816444
553  0.990512333966
554  0.993710691824
555  0.980603448276
557  1.32330827068
558  0.991919191919
559  1.47267206478
561  0.987878787879
562  0.9836400818
563  0.991578947368
565  0.985263157895
566  0.992156862745
567  0.98985801217
568  0.992366412214
569  0.979674796748
570  0.989361702128
572  0.992277992278
573  0.985743380855
574  0.991701244813
575  0.989561586639
576  0.989429175476
578  0.995575221239
579  0.995951417004
580  0.987124463519
582  0.988986784141
583  0.979123173278
584  0.986111111111
585  0.98820754717
586  0.99173553719
587  0.990675990676
588  0.989082969432
590  0.991341991342
591  0.978155339806
592  0.995180722892
597  0.9792147806
600  0.985714285714
602  0.994871794872
603  0.97963800905
604  0.980676328502
605  0.985915492958
606  0.989059080963
608  0.987373737374
609  1.22860635697
611  0.987980769231
614  0.994936708861
615  0.991525423729
616  0.983333333333
618  0.976811594203
619  0.989847715736
622  0.973614775726
625  0.9675
626  0.983009708738
627  0.984455958549
629  0.977832512315
630  0.961734693878
631  0.977961432507
632  0.94087403599
634  0.893150684932
