1  0.943078735732
2  0.94027711419
3  0.961244077449
4  0.978330205948
5  0.999286341678
6  0.9992821508
7  1.00545046788
8  1.01054225913
9  1.01196452069
10  1.01075841835
11  0.995383288765
12  1.00700540278
13  1.00388737707
14  1.0179109107
15  1.00661996368
16  0.986794696401
17  1.00352140413
18  1.00269938554
19  0.999813764092
20  0.985142781155
21  0.997662032669
22  1.00055995449
23  1.01008239122
24  0.993453048178
25  1.00038555654
26  0.99574537763
27  1.00451790003
28  0.995810629972
29  1.0002632781
30  1.00051986739
31  0.996241950359
32  1.00587190594
33  1.00446656562
34  0.999686238782
35  0.999142258395
36  1.00099062174
37  0.995744021581
38  0.99477229473
39  1.00573653341
40  0.996308571408
41  1.00584250568
42  0.998694561263
43  0.992780825331
44  0.997538700259
45  0.996316705862
46  1.00370752172
47  0.993162744139
48  0.99346975286
49  1.00156748587
50  0.997082503818
51  0.99679271596
52  1.00310946803
53  0.994065830384
54  0.993515724677
55  0.996949615795
56  1.00025371423
57  0.997610630329
58  0.998242138445
59  0.994663583632
60  0.994848591063
61  0.986783987151
62  0.99629842577
63  0.999084775333
64  1.00358680017
65  0.985052111754
66  0.998490197453
67  0.988348348348
68  0.995991652454
69  0.999872196787
70  0.993708016876
71  0.999685247655
72  0.996814106049
73  0.997144815573
74  0.996508347693
75  0.998245163824
76  1.00315068197
77  0.997756020681
78  0.998089442297
79  1.00235787417
80  1.00162158129
81  1.00662723816
82  1.00198729871
83  0.995125053556
84  1.00967626968
85  0.990335864715
86  1.00622656006
87  1.00332030247
88  1.00682878165
89  1.00518921487
90  0.997517306444
91  0.995704428095
92  1.00323013927
93  1.01209576238
94  1.00339073627
95  1.00267205308
96  1.00397444098
97  1.00635633212
98  0.996532791998
99  0.995213023413
100  0.987406765167
101  0.994387732763
102  1.00323581868
103  1.01304319
104  1.0031692647
105  1.00793673471
106  0.996424932703
107  1.00573028458
108  0.998341464339
109  1.00294756438
110  1.00796468053
111  1.00934809474
112  1.00105846811
113  0.997468045757
114  1.0025663721
115  1.01212434746
116  1.00844985253
117  1.00294214072
118  1.01378453596
119  0.999268864959
120  1.00572613696
121  1.0027999943
122  0.997609492671
123  1.00807061695
124  1.00375686229
125  1.009891506
126  1.00406567181
127  1.00638795212
128  1.00807970228
129  1.00036079813
130  0.998197228104
131  1.01408713748
132  1.00571519745
133  1.00593116438
134  1.00367617207
135  1.01508512773
136  1.00805597483
137  1.00615080926
138  1.01328279914
139  1.00096425603
140  1.01297522816
141  1.00956674271
142  1.01070044458
143  1.00421332648
144  1.00660227589
145  1.00736697314
146  1.01097361447
147  1.00081295066
148  1.01127480781
149  1.00444378548
150  1.00991196888
151  1.01708615296
152  1.01906469237
153  1.01910801922
154  1.00987479034
155  1.02191649603
156  1.01059830872
157  1.00910800425
158  1.01872291718
159  1.01265089043
160  1.00434995484
161  1.00509778278
162  1.00791622579
163  1.01161151568
164  0.999224454557
165  1.00202474691
166  1.01678949208
167  1.00336098952
168  1.01037487753
169  1.01510141134
170  1.01681333973
171  1.0074331723
172  1.01138248918
173  1.01679441402
174  1.01156270028
175  1.0083991684
176  1.00576589654
177  1.00781657391
178  1.0057991075
179  1.00362204627
180  1.01733621726
181  1.01095356163
182  1.01617304507
183  1.00183619698
184  0.997804150671
185  1.01777747613
186  1.00184942976
187  0.99499955982
188  1.01550239234
189  0.998335385202
190  1.00799895356
191  1.00068639658
192  1.00414267444
193  1.00303876922
194  1.00198630647
195  1.00738082393
196  1.01079850995
197  1.00545643513
198  0.995036866688
199  1.0036862888
200  0.998875419335
201  0.999981577886
202  1.00842644054
203  1.00905700892
204  0.999325410861
205  1.01249736699
206  1.00998957047
207  1.00004134838
208  1.00469643873
209  1.00928995197
210  1.00577399915
211  0.99425453338
212  1.00854219207
213  1.01224812906
214  1.00292376304
215  1.00154953251
216  0.999450658642
217  1.01671013233
218  1.00574694123
219  1.00813368453
220  1.00375337998
221  1.00516387074
222  1.01170780131
223  0.999288821003
224  1.01549430261
225  1.00524945385
226  1.0126165716
227  1.00895230453
228  1.01547530272
229  1.00521501926
230  1.00670269847
231  1.00698848136
232  1.00308840531
233  1.01626584173
234  1.01084835767
235  1.01955307263
236  1.01449319397
237  1.00166884467
238  1.01034426413
239  0.998752912288
240  1.00427293718
241  1.01250140308
242  1.00209618538
243  1.00675432526
244  1.0131869841
245  1.00683765703
246  1.0039533581
247  1.00640753603
248  1.00092410284
249  1.0074025109
250  1.01215051764
251  1.02587232355
252  1.01151620568
253  1.0044419594
254  1.00362148749
255  1.01492320509
256  1.00654028573
257  1.0111923172
258  0.983215945548
259  1.00356482021
260  0.995526363802
261  0.999089641503
262  1.00833939679
263  1.01216609945
264  1.00518573835
265  1.01237336633
266  1.01552732863
267  1.01371657112
268  1.00384445085
269  1.01215306332
270  1.02585303088
271  1.00267578112
272  1.00723822873
273  1.01414459483
274  1.0162029936
275  0.992816486481
276  1.00933025029
277  1.00247351746
278  1.00882078614
279  1.0092931954
280  0.998194301552
281  1.01065544837
282  1.00259787245
283  1.01722833752
284  1.00748853041
285  1.01021200952
286  1.00582014513
287  1.00595238095
288  0.988637919233
289  1.00127676383
290  1.01595945584
291  1.006148222
292  1.01548505901
293  1.01069474382
294  0.997467507645
295  0.999103607357
296  1.00848155123
297  1.02094985495
298  1.02879313591
299  1.01264207761
300  0.997376223776
301  1.00389520696
302  1.00966137935
303  1.00523486135
304  1.00940350877
305  1.00244579007
306  1.00268290166
307  1.00255269065
308  0.995139603506
309  1.01422057251
310  0.995046242775
311  1.00413560379
312  0.991567014585
313  0.982901898866
314  0.960724550038
315  0.949070164574
316  0.922606674541
317  0.906812951673
318  0.888389225144
319  0.863319938453
320  0.875597629218
321  0.914135032687
322  0.888954335266
323  0.921130588035
324  0.938845822567
325  0.956617044852
326  0.976338466541
327  0.970537429886
328  0.986651676307
329  1.00133384725
330  1.00306254682
331  1.00745135135
332  1.00499647874
333  1.01574095774
334  0.999384062361
335  1.00333772981
336  1.00939975959
337  1.00135246787
338  1.00931902126
339  1.01491862069
340  1.01918628838
341  1.02189949285
342  1.00806037355
343  1.0112612432
344  1.00203160209
345  1.00992063492
346  1.00236805074
347  1.0023436406
348  1.01559883387
349  1.00056136478
350  1.00660499392
351  0.994836833336
352  0.997736354152
353  1.00594993141
354  1.00199226532
355  1.01598543542
356  1.00690339067
357  1.00586345882
358  1.01406529154
359  1.00251322751
360  1.00272753374
361  1.01643360502
362  1.01600539291
363  0.999111779889
364  1.00229734486
365  0.996337854862
366  1.00450461203
367  0.991099111203
368  1.0179539164
369  1.00175621796
370  1.01136363636
371  1.01530489275
372  0.998352503893
373  1.0006015531
374  0.995944177068
375  0.997275222512
376  0.997059156204
377  1.00423779419
378  1.00113895216
379  1.00935652068
380  0.994155262057
381  0.991301763114
382  1.0057084021
383  1.01583950136
384  0.990844941109
385  1.02327321709
386  1.01161733795
387  1.00335986594
388  1.01615853659
389  1.01296447292
390  0.985066644912
391  1.02082934914
392  1.00229689648
393  0.999250100948
394  1.011609773
395  1.02150212603
396  1.01732083267
397  1.00574002294
398  1.00923710503
399  1.00972590628
400  1.0018944914
401  1.0273385498
402  1.00375104858
403  1.01623297404
404  0.998989242654
405  0.99266391794
406  0.979716024341
407  1.02527049521
408  1.01478787879
409  0.992182991449
410  1.00859530342
411  1.02830968712
412  0.996780428802
413  1.00745652261
414  1.00378657487
415  1.01566066675
416  1.00470125298
417  0.997235447704
418  1.00097751711
419  0.989885721792
420  1.00554210727
421  1.02133309623
422  0.999400702035
423  1.0009048425
424  1.00943661252
425  1.01100371747
426  0.999661269562
427  1.00900288184
428  0.995788067479
429  1.01315393414
430  1.00962427059
431  1.00944290378
432  0.990246518508
433  1.01272944652
434  1.00245290878
435  1.01195529398
436  0.996946695096
437  1.01684375575
438  0.981391261447
439  0.99030947171
440  1.00569889255
441  1.00132802125
442  1.01058717758
443  1.01996056505
444  1.00310652672
445  0.985340396144
446  1.00531139745
447  0.991159383683
448  0.985052214866
449  1.00574934776
450  0.997357357357
451  1.01408026504
452  1.01185361114
453  0.995887445887
454  1.01113700732
455  1.01566199235
456  0.987825059102
457  1.00453193852
458  1.0214987913
459  1.02480480644
460  1.01422298587
461  0.987768641238
462  1.00968135005
463  0.996137682269
464  1.00078427031
465  1.00470831597
466  0.993901294802
467  0.987472365512
468  1.00113195643
469  1.01951876157
470  0.98825670143
471  0.995437157584
472  1.01265114196
473  0.989642703928
474  0.996496821023
475  1.00034040114
476  0.989981754291
477  1.01898989899
478  1.00139479864
479  0.996533333333
480  0.999947260166
481  0.992622395665
482  0.991156462585
483  1.02168367347
484  0.995708836618
485  0.994212394212
486  1.0021671258
487  1.01351983028
488  1.01524911403
489  1.00701697128
490  1.01397540652
491  0.999476468643
492  1.00420168067
493  0.9883162757
494  0.992907012941
495  1.01547813888
496  0.989882417282
497  1.00500313922
498  1.00496770989
499  1.01117929791
500  0.997913561848
501  1.02786934372
502  1.01205798672
503  0.996186205621
504  0.984748392818
505  0.984498940357
506  1.00568874441
507  0.98922066171
508  0.986612801014
509  1.00310559006
510  0.996406536036
511  0.995333160487
512  1.01632653061
513  0.999638858794
514  1.01571800712
515  0.993095362168
516  1.03478960783
517  1.01342927411
518  1.03137620379
519  1.00690382082
520  0.991595838392
521  1.00504988299
522  0.993788819876
523  1.02251536417
524  1.00918593602
525  0.994806094183
526  0.982427411587
527  0.995160449706
528  0.982373015202
529  1.00550534477
530  1.00756863715
531  0.994708150512
532  1.00940475495
533  1.00960548885
534  0.993577530576
535  1.00044676313
536  0.994469175772
537  1.03146801684
538  1.01635268984
539  0.977892067574
540  0.991072470533
541  0.99877235785
542  1.01915993647
543  1.01362433862
544  1.01996762008
545  1.0095927772
546  0.996379991224
547  1.00645499222
548  1.00458475645
549  0.997380952381
550  1.0089869281
551  1.01056733373
552  1.01126927639
553  1.00332432654
554  1.00345187293
555  1.01741796375
556  1.00527306266
557  1.02054129077
558  1.01045400239
559  1.01688172043
560  1.00774745015
561  1.00737924866
562  1.00232335657
563  1.00285488039
564  0.993657219973
565  0.995825456837
566  1.01178279604
567  1.00484105509
568  0.988841074343
569  1.02932875667
570  0.989662511402
571  1.00665203559
572  0.985324349018
573  0.993554344159
574  0.999940805051
575  1.00608620047
576  1.01251305809
577  0.996425024826
578  0.982207538909
579  0.988940295219
580  0.993086853564
581  0.987090909091
582  0.99958677686
583  1.01921946366
584  1.00299133169
585  1.00344720909
586  1.02392897602
587  1.00452488688
588  1.00171191
589  0.992375886525
590  1.01631950338
591  0.987386154701
592  0.995693074918
593  0.993431953844
594  1.01902207048
595  0.970758871362
596  1.02121840815
597  0.998992138682
598  1.00671272158
599  1.02083167476
600  0.996177581284
601  1.00311086597
602  1.03864152014
603  1.02454289132
604  0.997979467016
605  1.035531568
606  1.00213745065
607  1.0371967655
608  0.996893762025
609  1.00930140511
610  0.994899853928
611  1.00192460093
612  1.00711131073
613  0.98020998362
614  0.993854841388
615  0.99308088393
616  0.997922077922
617  0.990313543157
618  0.989423742216
619  0.998331193838
620  1.0023100304
621  1.01342241483
622  1.0171117023
623  0.990142543082
624  0.996794181034
625  1.0152480347
626  0.965631839183
627  1.01464000519
628  0.986361156574
629  0.97370447794
630  0.968520010744
631  1.04301552106
632  0.969228482236
633  0.981357196122
634  0.994736842105
635  1.03280632411
636  1.05020986774
637  1.04352673387
638  1.08139880952
