1  1.29464224463
2  1.02018631791
3  1.00622917572
4  1.00026598271
5  1.03065539112
6  1.00981075119
7  0.995735343561
8  0.995163207208
9  1.03283808583
10  1.00320125951
11  1.00221233312
12  1.01931535666
13  1.00692150126
14  0.998393228044
15  0.991445513755
16  0.994
17  1.04189885762
18  0.999355819526
19  1.01325350112
20  0.988451625694
21  0.993891797557
22  1.02319277108
23  0.9950391376
24  1.01370443149
25  0.989758028318
26  1.00047932611
27  1.00027708507
28  1.00003065886
29  1.00663953737
30  0.992442255435
31  0.992637114951
32  1.0042430284
33  0.997858306617
34  0.993596282444
35  0.987505679237
36  1.00625139158
37  1.00258502712
38  0.98762284328
39  0.994638069705
40  0.992832282717
41  1.00825825826
42  1.01226061077
43  0.988117331684
44  1.00804451835
45  0.98408188788
46  0.982515212982
47  0.995894201686
48  1.01059386054
49  1.00165673055
50  0.981641549852
51  1.00415105429
52  1.00189339509
53  1.01113070115
54  0.994859446609
55  1.01069100391
56  0.984112709832
57  1.01419652935
58  0.994312471448
59  0.995586937335
60  1.01684397163
61  1.00499543686
62  1.00143100248
63  1.00675732874
64  0.994604477156
65  1.0093676815
66  0.995580474934
67  0.994881412886
68  1.00686632221
69  1.010765777
70  0.998299435799
71  0.991137894364
72  1.0047206648
73  0.992747180759
74  1.02419036335
75  1.01708911251
76  0.997943149718
77  0.999428571429
78  1.02073527777
79  1.01016899456
80  0.992720855393
81  1.02369152007
82  1.00696840624
83  0.995406853034
84  1.00035256383
85  1.00778070692
86  1.00593921779
87  0.997555881087
88  0.97861474625
89  1.01596335011
90  1.00835282325
91  0.989408928423
92  1.00539900272
93  0.977320166988
94  1.00379729357
95  1.00903090036
96  0.992085202612
97  1.00174053835
98  0.98830173457
99  0.999180476484
100  1.00603057828
101  1.01038338658
102  1.00250272904
103  0.99965556527
104  0.997099874977
105  1.00398545964
106  1.02641675414
107  0.995888985012
108  1.02142934842
109  1.0087431478
110  1.00926515956
111  1.00117226423
112  1.00707419299
113  1.01672811622
114  0.997529925898
115  1.00652284707
116  0.99608101272
117  0.99151841377
118  1.00820617945
119  1.02019803802
120  0.996666000628
121  1.00121904082
122  0.999591662433
123  1.00552183314
124  0.996257072392
125  1.00644246727
126  1.0078125
127  1.00017645398
128  1.0077348666
129  1.00369721142
130  0.995441614971
131  1.0058902187
132  1.01078456427
133  1.01595994367
134  0.991765980498
135  1.00145170105
136  1.00656646126
137  0.998689119693
138  1.0043855042
139  0.996461538462
140  1.01236542443
141  0.990747146316
142  1.00197082594
143  1.01248593398
144  0.99940621495
145  0.99219076006
146  1.00529778807
147  1.00413839891
148  0.996058183433
149  0.992983907865
150  1.00364121422
151  1.01151545643
152  1.01891066161
153  0.996434961532
154  1.01161018694
155  1.00039734882
156  1.00306382408
157  1.00896806856
158  1.00160144174
159  1.00119292472
160  1.00656763827
161  0.99975498252
162  1.00257401863
163  0.999881870061
164  0.999988238431
165  0.995658465991
166  0.989165882055
167  1.00020919441
168  0.991791419434
169  0.993254524811
170  1.01189646492
171  1.00187240672
172  0.99908109799
173  1.00889940176
174  0.99797541152
175  1.00436315754
176  1.00147426765
177  1.00717426112
178  1.00418001526
179  1.00114585284
180  1.00374912801
181  1.00888429958
182  1.00926627552
183  1.00776266518
184  1.00828820737
185  0.998099210157
186  1.00078425832
187  1.00593952847
188  0.996945091154
189  1.00920276142
190  0.998211362638
191  1.00157106961
192  0.992749667283
193  1.00519656339
194  1.0098748316
195  0.995966617721
196  1.02165540295
197  1.00756261421
198  0.992642031433
199  1.00614810027
200  1.00353274493
201  0.991809983361
202  0.99563062933
203  1.01567146758
204  0.996791096861
205  1.01117210497
206  1.01449759966
207  0.999576284822
208  1.00749467273
209  0.997902475494
210  1.00280042108
211  0.98948418235
212  1.01469290155
213  1.01612377684
214  1.00650120174
215  0.993037578877
216  0.993779320095
217  1.00398496362
218  1.0111538101
219  1.00400057253
220  1.00656799043
221  1.01291203621
222  0.99260586799
223  1.00091964751
224  1.00982629332
225  1.00332948501
226  0.998219043994
227  0.999133272321
228  1.00066928995
229  1.00206035248
230  1.00316268684
231  1.00316894435
232  1.00344253075
233  1.00058764691
234  1.01063742029
235  0.999378713278
236  1.01307582643
237  1.01190523951
238  1.001821176
239  1.00628356126
240  1.01565707705
241  1.00658224859
242  1.00203413752
243  1.00235395746
244  1.01925123586
245  0.999033992155
246  0.999825193682
247  1.0026556478
248  0.999488728794
249  1.0009709358
250  1.00630194323
251  1.00148143479
252  1.00506532071
253  1.0054693958
254  1.00411482693
255  1.00221603604
256  0.992851317075
257  0.999353064855
258  1.00231060606
259  0.992924726567
260  0.999245392677
261  1.00699402949
262  1.00510789867
263  1.00562168242
264  1.0033753729
265  0.995210356079
266  0.999335009326
267  1.00246773945
268  0.996061374067
269  1.00492486289
270  1.00248078621
271  1.0015501788
272  0.99890659449
273  1.00533432646
274  1.00128661747
275  1.00742476968
276  0.998887558865
277  1.00224691964
278  1.0097098646
279  1.00001038465
280  1.00115596027
281  0.99854368932
282  1.00224124194
283  0.993934357316
284  0.996430786192
285  1.01191509739
286  1.00347424264
287  0.99534550482
288  0.998878436708
289  1.00031357209
290  0.998196954338
291  1.00453778095
292  0.995965653537
293  0.998762838058
294  1.00599250936
295  1.00786763356
296  1.009645407
297  1.00502224601
298  1.00475923852
299  1.00300509899
300  0.999633251586
301  1.00189462693
302  1.00657114969
303  0.99424250661
304  1.00073549535
305  0.999967009402
306  1.00561709414
307  1.00010138425
308  1.00369760994
309  1.00848587136
310  1.00080998287
311  1.00769869665
312  1.00726614881
313  1.005541874
314  1.00471509292
315  1.00742796983
316  0.993003077534
317  1.01004030388
318  0.998626947107
319  1.0039649152
320  1.01154104704
321  1.0058839382
322  1.00932259029
323  1.00243863158
324  1.00384150216
325  1.00287147011
326  1.01105422591
327  1.00499841822
328  0.995007064574
329  0.999445039804
330  1.00252465181
331  0.993071357871
332  1.00865605408
333  1.00027100778
334  1.0016439322
335  1.00249695254
336  1.00302480339
337  1.00096341728
338  1.00832967635
339  1.00186958331
340  0.99430937108
341  1.00128183629
342  0.997769789362
343  1.00201157344
344  1.00461030392
345  1.00808146229
346  1.00192476359
347  1.00109558046
348  1.00131403289
349  1.00244036007
350  0.99938854188
351  0.988810282197
352  1.00631364562
353  0.9986504792
354  0.996622309354
355  1.005215311
356  1.00517201286
357  0.995900765489
358  1.00618242689
359  1.00079506629
360  1.00472781546
361  1.00155208429
362  0.997398239871
363  1.00303879027
364  1.00748151059
365  1.0123202422
366  0.997017972914
367  1.00931886476
368  0.999049893242
369  1.00637015955
370  1.00592295195
371  1.00917620309
372  1.01296146583
373  1.00388649516
374  1.00788949442
375  1.00384590415
376  0.997799576829
377  1.00539555023
378  1.00412025077
379  1.00392073469
380  1.00169784448
381  0.998561607799
382  1.00564255251
383  1.0124071366
384  0.997916918247
385  1.00342274934
386  1.00471637495
387  1.01060051557
388  0.998492479022
389  1.00053760813
390  1.0001132846
391  1.00849514563
392  1.00079326081
393  1.00000780988
394  0.99668439386
395  1.00098277423
396  0.993141734689
397  0.996249451032
398  0.998798566325
399  1.00599106391
400  1.00299869292
401  1.00418946884
402  1.00134779363
403  1.00044501255
404  0.997623346959
405  0.994436280968
406  1.00573136921
407  1.00034251263
408  1.00349037019
409  0.996954120326
410  0.997495998371
411  1.00160509643
412  1.00176733842
413  1.00406037472
414  1.01116769639
415  1.00669963458
416  1.00380691788
417  0.997682791625
418  1.00628623693
419  1.00097397066
420  1.00365817582
421  1.0023427673
422  1.00309883895
423  0.997755710298
424  1.00089159679
425  0.999369608142
426  0.999479912334
427  1.00526028653
428  1.00135356222
429  1.00207558685
430  1.00270280096
431  0.998123974994
432  0.999354230559
433  0.998958772469
434  1.00453836737
435  0.995028061399
436  1.00556658771
437  0.99731199941
438  1.00142515231
439  1.00138912393
440  0.998843082605
441  0.998960166396
442  1.00019118903
443  1.00492615743
444  0.99559012929
445  1.00553146203
446  1.00148795647
447  1.00171469311
448  0.989227632129
449  1.0017552546
450  1.00181211827
451  1.00120894692
452  1.00102449634
453  1.00545767526
454  1.00543492305
455  0.999958355675
456  0.997619062002
457  0.998423105114
458  1.00518479534
459  0.998838457702
460  1.00172607942
461  0.992048552418
462  1.00400988442
463  1.0023531587
464  1.00279897343
465  1.00449373652
466  1.00161118476
467  1.00217491877
468  0.996415824818
469  0.99891287253
470  1.00080133817
471  1.00033239352
472  0.997503828002
473  1.00188909687
474  0.999210688373
475  1.00214490957
476  0.996617156722
477  0.999855834031
478  1.00198023845
479  0.999987431283
480  1.0004055999
481  1.00109400393
482  0.993287456438
483  1.00006523964
484  0.996130701726
485  0.997508654481
486  0.998665101647
487  0.99611619774
488  0.999033930719
489  0.996591522143
490  0.996877942495
491  0.99585918605
492  0.992999539339
493  0.998385718544
494  0.996569080561
495  0.998953257366
496  0.994960822167
497  1.0002633696
498  0.989745589056
499  0.997598420835
500  0.998481086268
501  1.00348060457
502  1.00216443805
503  0.996788662578
504  1.00231835678
505  0.996305822379
506  0.995149602074
507  0.997576903591
508  0.99283036516
509  0.997776728896
510  1.00006370112
511  0.999414409124
512  0.997716818376
513  0.991262237825
514  0.990754590226
515  0.998838563911
516  0.993538470257
517  0.996396223405
518  0.996968770852
519  1.00520018725
520  0.992307475609
521  0.993237328087
522  0.998494362276
523  0.996955308255
524  0.989532356015
525  0.989577783351
526  0.997263114467
527  0.990517894824
528  0.997216326736
529  0.993337212565
530  0.989330231012
531  0.994887018788
532  0.996414447183
533  0.99442610853
534  0.994446064748
535  0.993908408135
536  0.989404848864
537  0.994891443167
538  0.993689526048
539  0.988123789291
540  0.989854515057
541  0.994147553468
542  0.997805788593
543  0.997518698974
544  0.992953193082
545  0.993789589279
546  0.989889659847
547  0.989291220728
548  0.987503495568
549  0.99318087534
550  0.986978466443
551  0.990653570178
552  0.990597595809
553  0.994693991367
554  0.987115578081
555  0.992854961384
556  0.99362050954
557  0.998423449702
558  0.994307961058
559  0.992240573004
560  0.985969896407
561  0.995908969134
562  0.991934026636
563  0.986547942829
564  0.995202320317
565  0.994112958875
566  0.996585162256
567  0.995935942054
568  0.989468004905
569  0.99387411255
570  0.991287755659
571  0.986540733449
572  0.991761907837
573  0.995355491867
574  0.994513730961
575  0.994439101229
576  0.993192882079
577  0.991419955666
578  0.992729970238
579  0.992736142492
580  0.994289804081
581  0.995215918377
582  0.998026869308
583  1.00041323945
584  1.00027346167
585  0.997121869753
586  0.998575260388
587  0.99691446978
588  0.997251635862
589  0.998779120914
590  0.999200098147
591  0.993387301379
592  0.992632095395
593  0.988528245571
594  1.00179039847
595  0.995045422056
596  0.98605395404
597  0.991428855579
598  0.990840287619
599  1.00053195303
600  0.994006987477
601  0.997666558081
602  0.990040481235
603  1.00009154316
604  0.997297942933
605  0.994443883086
606  0.984722776227
607  0.999049146845
608  0.997023099724
609  0.995191894088
610  0.996063416739
611  0.961343283582
612  1.017208413
613  1.01933488012
614  0.966761946643
615  1.00760523523
616  0.979383768665
617  0.97413003663
618  1.01145662848
619  0.943183549124
620  1.00744780671
621  0.958218232044
622  1.00298507463
623  1.01310043668
624  1.03141361257
625  1.01408450704
626  1.02419354839
627  1.05714285714
628  1.01724137931
629  0.908641975309
630  1.0
631  1.06896551724
632  0.974025974026
633  1.0
634  0.857142857143
635  1.0
636  0.833333333333
637  0.75
638  1.5
