run #	start time	end time	integrated beam current (nC)			thickness (%r.l.)	Rate(Hz)     Recorded(Hz)  Magnet Polarity
1349	1337323714	1337324625	51344.0926551819	54879.7343788147	1.6	  		1262.120     1174.728	   -1
1351	1337324962	1337325268	24385.9185791016	26928.0426635742	1.6			1933.479     1696.808	   -1
1353	1337325717	1337328357	193508.881838322	204325.132622242	0.18			436.895	     425.659	   -1
1354	1337328521	1337330670	140709.898532331	148839.141475141	0.45			596.055	     570.870	   -1
1358	1337331152	1337332431	88079.5567516331	92523.9428218845	0			309.785	     304.253	   -1
1359	1337332615	1337334014	91653.0026320741	91761.4541434497	0			318.640	     311.540	   1
1360	1337334136	1337336898	198670.590789914	209883.979889035	0.18			451.067	     446.510	   1
1362	1337337264	1337338713	105642.70688653		110298.553449392	1.6			1864.090     1659.675	   1
1363	1337340178	1337340456	8556.8459701538		8556.8459701538		1.6			1864.090     1659.675	   1
