1  1.14660910049
2  0.968252881715
3  0.926325083769
4  0.936761767342
5  0.938250930269
6  0.961288995847
7  0.972390160147
8  0.981185464049
9  0.977417621964
10  0.982372317738
11  0.988562817205
12  0.985022911336
13  0.988729291128
14  0.989679926059
15  0.991123884027
16  0.990286804165
17  0.990184515083
18  0.987846285715
19  0.985220874989
20  0.994554078065
21  0.98480485777
22  0.98827613088
23  0.990791855098
24  0.994101379629
25  0.993730036516
26  0.991026608777
27  0.987191098781
28  0.989995942837
29  0.988667136576
30  0.988556450574
31  0.992395576673
32  0.99714894794
33  0.991961806492
34  0.989316086521
35  0.993546070944
36  0.991933578868
37  0.989963342685
38  0.99068922369
39  0.987905428617
40  0.991935591641
41  0.989090136807
42  0.990618440717
43  0.989360066279
44  0.994542060788
45  0.994122734207
46  0.986628235688
47  0.987968177454
48  0.99480551732
49  0.987053653581
50  0.988124610131
51  0.991619353621
52  0.998675360651
53  0.992470194079
54  0.995904647095
55  0.990307573545
56  0.994737735108
57  0.997060137532
58  0.995188938186
59  0.996696922529
60  0.991687709077
61  0.99297414129
62  0.993823531971
63  0.994829202081
64  0.999694974213
65  0.989955624009
66  0.994990964978
67  0.989497095855
68  0.99095056132
69  0.998001340662
70  0.996564996842
71  0.999600360032
72  0.989303263089
73  0.994530008983
74  0.990148743535
75  0.998466402197
76  0.991895261763
77  0.995068947787
78  0.983448888645
79  0.98648618648
80  0.997295441779
81  0.994549502013
82  0.992603856092
83  0.986280172131
84  0.99303398863
85  0.993578321615
86  0.992272161594
87  0.997334239209
88  0.991369017124
89  0.985789198241
90  0.999827954848
91  0.997486483762
92  0.994782379438
93  1.00209960922
94  0.992795908381
95  0.998881848677
96  0.993160295969
97  0.988692936379
98  0.989727218281
99  0.999192373357
100  0.993662907101
101  0.999547850233
102  0.995170309873
103  0.988813262685
104  0.997394584722
105  0.999731015932
106  0.992103886629
107  0.994875089492
108  0.990248278723
109  1.00000619992
110  0.999292954213
111  0.995567843183
112  0.999154494559
113  0.998531098115
114  0.997293958548
115  0.994103135157
116  1.00024077814
117  0.995594004105
118  0.996661578269
119  0.996353946472
120  0.996731946268
121  0.996294070513
122  0.995411406753
123  0.996303772656
124  0.998493670897
125  1.00128927454
126  0.994172190363
127  0.993535378886
128  0.993257314824
129  0.994079041656
130  0.999022422218
131  0.991068487114
132  1.00152358439
133  0.997583090926
134  1.00336588357
135  0.997951207821
136  0.9979935123
137  0.995486774763
138  0.991642799934
139  1.00069139383
140  1.00117650214
141  0.998628651328
142  1.0047499355
143  1.00525879421
144  0.997782782588
145  0.999351035315
146  1.00184821512
147  1.00424953964
148  1.00315548149
149  1.00402452424
150  0.988085180962
151  0.999017196618
152  0.997655384199
153  1.00356857228
154  0.99253747616
155  0.994137546636
156  0.998990105878
157  1.00464126509
158  1.00309383804
159  0.999121619309
160  0.99595114675
161  0.996712215733
162  0.999642865233
163  1.00459392945
164  0.991706323853
165  0.999817881487
166  1.00225131872
167  0.998184753908
168  1.00146178108
169  0.999651065758
170  1.00297927278
171  0.994863323116
172  1.00122660961
173  1.00025497209
174  0.997578095744
175  1.00275886691
176  1.00547821734
177  1.00008029549
178  1.00029193827
179  0.994897497869
180  0.996377545928
181  0.993909151821
182  1.00139101405
183  1.00157410801
184  1.00283630789
185  0.988534961588
186  1.0043477401
187  1.00525634314
188  0.995408189701
189  0.996340308544
190  1.006779322
191  1.00241464303
192  0.995042385811
193  0.996556486347
194  0.995004317288
195  0.998773969933
196  0.993666791521
197  1.00526325563
198  1.00283562684
199  1.00437524415
200  0.989646158486
201  1.0016196278
202  1.00650166316
203  0.99750501607
204  0.997206365761
205  0.995732246622
206  0.995610086918
207  0.99442987209
208  0.99532048841
209  1.00228804311
210  1.00034160341
211  0.995813251864
212  0.996920114608
213  0.99934615794
214  0.990841079194
215  0.991582832785
216  1.00153329759
217  0.999411351619
218  1.00395068602
219  0.994840085247
220  1.00272876766
221  0.992835882334
222  1.00157016562
223  0.99227539364
224  1.00089891466
225  1.0003720892
226  0.992373362126
227  0.998668588094
228  0.994135340457
229  0.991218756269
230  0.995791955869
231  0.995172180841
232  0.998505706087
233  1.00419057741
234  0.99372854249
235  0.983452587752
236  0.993059449795
237  0.999010692135
238  0.999855107462
239  0.998853200654
240  0.997739346671
241  0.999740316813
242  1.00142875622
243  1.0011165964
244  0.997470293545
245  0.997690162434
246  0.997153131843
247  1.00350970572
248  1.000812761
249  0.992369001875
250  0.993926804245
251  0.997178568406
252  1.00057750337
253  0.99375220297
254  1.0004937002
255  0.996632973507
256  0.995490604121
257  0.992029542653
258  0.997160537405
259  1.01007236566
260  0.988520014684
261  1.00431152711
262  0.99423437919
263  0.990832784037
264  0.998124655268
265  1.00171869657
266  1.00539656446
267  0.993671604303
268  0.990772318638
269  1.00468784339
270  0.995006322124
271  0.991860727594
272  1.00403683601
273  0.99525801189
274  0.995504509387
275  0.997082283805
276  0.996181626909
277  0.999898330862
278  0.992729698314
279  0.985548380732
280  0.997611692606
281  0.995284465533
282  0.993066924518
283  0.996251032418
284  0.999185862746
285  0.983730144701
286  0.993645562022
287  0.997223121423
288  0.990833020063
289  1.00475437352
290  0.985297170224
291  0.994381036215
292  0.980714636033
293  1.0025889447
294  1.00085884156
295  0.998843588828
296  1.00224311156
297  1.00156267774
298  0.999347269924
299  0.994377821604
300  0.999433736101
301  1.00194940583
302  0.995925845251
303  0.99147026619
304  0.994827819377
305  0.989294051356
306  0.998666206675
307  1.00171971774
308  0.989368539046
309  0.990175269623
310  0.988833523269
311  0.994461060335
312  0.985693586732
313  0.994895282326
314  0.98258013251
315  1.00022122603
316  0.998734973269
317  1.00372749767
318  0.995909488587
319  0.992011930021
320  0.999346057135
321  0.992864019274
322  0.996571997335
323  0.990845656808
324  1.00268127176
325  0.991795491543
326  0.991935176983
327  1.00350840799
328  0.989969340444
329  0.996803140343
330  1.00114425419
331  0.98885529023
332  1.00415784309
333  0.988608828854
334  0.994225397318
335  0.992455775234
336  0.986466438463
337  0.98021741994
338  0.985807076134
339  0.981674060892
340  0.993027646096
341  0.998429416112
342  0.988679347239
343  0.98905689766
344  0.998745839167
345  0.985018012291
346  1.00175447597
347  0.988448022989
348  0.989324428245
349  0.987876700315
350  0.988451387683
351  0.992887601182
352  0.985899167133
353  0.99524544805
354  0.982813824901
355  0.989438106278
356  0.988569736452
357  0.985557816692
358  0.991202813884
359  0.998272162305
360  0.998722375691
361  0.990137721755
362  0.991433152488
363  0.987718380584
364  0.99154918438
365  0.996499059791
366  0.984303602389
367  0.994019138756
368  0.996114848858
369  0.983208176888
370  0.984772717957
371  0.997688888889
372  0.987056160805
373  0.988119053573
374  0.99399759904
375  0.994220222653
376  1.00683403659
377  0.993853974999
378  0.976460980746
379  1.00116560305
380  0.989245978864
381  0.979955435719
382  1.00044503262
383  0.986903253063
384  0.996877049945
385  0.996429999429
386  0.992016103716
387  0.987141723709
388  0.997657600872
389  0.985995771
390  0.984953669609
391  0.977589317936
392  1.00396148593
393  0.984689663935
394  1.00718109414
395  0.995580438563
396  1.00557608585
397  0.991836108176
398  0.981026993359
399  0.997556623198
400  0.979876740111
401  0.991530561628
402  0.993976608187
403  0.990158590861
404  1.00908846705
405  0.999923486533
406  1.00123318386
407  1.00279475155
408  0.978356237012
409  0.989955499859
410  0.992706010007
411  0.987376786546
412  0.996281480302
413  1.00065046065
414  0.988754459438
415  0.987335488634
416  0.983500921295
417  0.992480769785
418  0.993926792111
419  1.00681266549
420  1.00674882629
421  0.993117891416
422  0.99031149078
423  0.982794406696
424  0.9875108883
425  1.00046384995
426  0.998737373737
427  0.986803625729
428  0.990480624178
429  0.979889640507
430  1.00540895915
431  1.00112754898
432  0.997858453534
433  0.997096591906
434  0.990331430919
435  0.991469751936
436  0.985538534335
437  0.997379693827
438  0.984279521057
439  0.976908475695
440  0.99713395702
441  0.980758826981
442  0.993481614171
443  0.988823800582
444  0.993195661863
445  0.99759914782
446  0.983975518153
447  1.00677131967
448  0.973025982203
449  0.990760252877
450  0.97449220339
451  0.987283549784
452  0.988096322061
453  0.995490490818
454  0.997204317055
455  0.991339677109
456  1.01793966532
457  0.987033391383
458  0.987257587773
459  0.973958333333
460  0.994874969052
461  0.997638593291
462  0.981340852493
463  0.997036065574
464  1.00933427263
465  0.985182831152
466  1.007443146
467  0.994220264656
468  0.992413262071
469  0.991303243827
470  0.98827619501
471  0.981818181818
472  0.978837713943
473  0.995527492765
474  0.985787936856
475  0.990864507299
476  0.992292020374
477  0.987318918454
478  0.98027243571
479  0.992328709542
480  1.00394736842
481  1.0030377492
482  0.990171068427
483  0.985586459206
484  0.965708967105
485  0.983079782177
486  0.995215311005
487  0.981815398224
488  0.975000815501
489  0.988378685998
490  0.99113697847
491  0.984987572026
492  0.978150579978
493  0.977227118053
494  0.995583557116
495  0.996713396042
496  0.968946230936
497  1.00109137504
498  1.00487097494
499  0.971951892309
500  0.975060497042
501  0.988844373219
502  0.980294227886
503  0.975092759966
504  1.00762421473
505  0.976259485092
506  0.998327252049
507  0.992360293565
508  1.00584168498
509  0.979752435872
510  0.985534526854
511  0.982206773128
512  0.994912854031
513  0.983063972581
514  0.993903791333
515  0.9792997543
516  1.00039750387
517  0.987211601846
518  0.988841666808
519  0.981991341991
520  0.980640740106
521  0.989058526751
522  1.00262327153
523  0.982283464567
524  0.976380924553
525  0.991837595253
526  0.982406661295
527  0.982712067122
528  0.983262873602
529  0.989010989011
530  0.95085995086
531  0.976914116277
532  0.977970920112
533  0.977552904334
534  0.992223400495
535  1.00118193331
536  1.00374882849
537  0.973135726473
538  0.976838672231
539  0.992776625694
540  0.980159603742
541  0.977721151382
542  0.988733316642
543  0.995990127317
544  0.987171297081
545  0.99533146592
546  0.990834354575
547  0.977305128502
548  0.976817132721
549  0.981897627965
550  0.995283587487
551  0.969253707286
552  0.979635378913
553  0.981101079938
554  0.970302099334
555  0.980652786994
556  1.00399665679
557  0.979108691816
558  0.982934131737
559  0.976185405332
560  0.974126722718
561  0.959921166146
562  0.986913395015
563  0.982311958874
564  0.961976338098
565  0.990429702849
566  0.960902092595
567  0.993487574979
568  0.960086709118
569  0.996432562182
570  0.998819437797
571  0.97923681257
572  0.971030135567
573  0.991408184069
574  0.998528246349
575  0.979016399577
576  0.988372568085
577  0.973241527843
578  0.992956832799
579  0.977931661595
580  0.963746223565
581  1.00283150211
582  0.975843628988
583  0.98246549375
584  0.974584651899
585  0.965317536799
586  0.980200471698
587  0.98520389751
588  0.946962186659
589  0.958477508651
590  0.99779856907
591  0.973028130171
592  0.982555350786
593  0.998911691542
594  0.981339395662
595  0.971779394315
596  0.973998842965
597  0.984815840772
598  0.975908304498
599  0.992905660377
600  0.988536191136
601  0.98447524191
602  1.00773738669
603  0.973504773037
604  0.993879601717
605  0.996160562787
606  0.978474268163
607  0.973203689718
608  0.991534116553
609  0.98818575272
610  0.975107043909
611  0.981917911859
612  0.980111317254
613  0.989329692985
614  0.989880707528
615  0.9791400596
616  0.981063770537
617  0.977727515471
618  0.987677889622
619  0.978299068705
620  1.00163955758
621  0.99907063197
622  0.995562089528
623  1.00465116279
624  0.983896819809
625  0.988836772983
626  0.9503196177
627  0.98039786794
628  0.983475991508
629  0.965627635096
630  0.990920608108
631  0.959725400458
632  0.98431372549
633  0.940708174905
634  0.91844795539
635  0.986256954423
636  0.901349422837
637  0.926769230769
638  0.951396183473
