546  1.99264705882
547  0.984423676012
549  0.991946308725
550  0.99538638985
551  0.995511669659
552  0.994223363286
553  0.992572944297
554  0.996085254458
555  0.997858672377
556  0.996563573883
557  0.996271637816
558  0.995031937544
559  0.993886462882
560  0.994087504927
561  0.995699326851
562  0.995760466349
563  0.99386293897
564  0.99360409338
565  0.991293532338
566  0.989481373265
567  0.990757345841
568  0.991371174329
569  0.988433228181
570  0.993154158215
571  0.991255768764
572  0.991363211951
573  0.989488824961
574  0.997499249775
575  0.98965659909
576  0.98986452584
577  0.996280224998
578  1.00125465122
579  0.994541792514
580  0.988999476166
581  0.989399293286
582  0.995036556437
583  0.987
584  0.988458056729
585  0.997152064307
586  0.987266784693
587  0.987279908951
588  0.986893172997
589  0.99026492054
590  0.986684655092
591  0.986775178026
592  0.986482847757
593  0.984609822858
594  0.985497064285
595  0.985776805252
596  0.992817846662
597  0.984143488433
598  0.987875612688
599  0.98532794036
600  0.991243586268
601  0.987935499857
602  0.987832875111
603  0.98810180191
604  0.985897840823
605  0.985326596678
606  0.986429235587
607  0.985702742547
608  0.983293618581
609  0.984083327811
610  0.985080343706
611  0.986453102394
612  0.983455639137
613  0.983315263
614  0.981810939989
615  0.983136283146
616  0.981619337114
617  0.980391734826
618  0.979573046699
619  0.981586408524
620  0.981126891927
621  0.982159511395
622  0.981574163582
623  0.979716706262
624  0.97961775789
625  0.979893262787
626  0.976789957516
627  0.975445584491
628  0.974612904684
629  0.972739149098
630  0.969918001665
631  0.968271732245
632  0.963810230411
633  0.959226020646
634  0.954147682071
635  0.96244157527
636  0.943487122475
637  0.986606432888
638  0.91257367387
