1  1.12677998554
2  0.947520637706
3  0.934488588335
4  0.908362975217
5  0.942381579301
6  0.953794597381
7  0.988006695843
8  0.970651859949
9  0.989042253045
10  0.994260193323
11  1.00257890212
12  0.992941830308
13  0.990610162614
14  0.98217970362
15  0.986093321134
16  0.990038769131
17  1.01004556983
18  0.993618383369
19  0.999689114316
20  0.992275235102
21  0.994440234372
22  1.01812221345
23  1.00715193014
24  0.999673789099
25  0.993374952223
26  0.996953492208
27  0.983567208272
28  1.00952210573
29  0.988584574998
30  0.998772598073
31  1.01463582801
32  0.999168319365
33  0.99042884232
34  0.986573373676
35  0.990727112158
36  0.985296962662
37  0.987989151492
38  0.993977393011
39  0.998643166125
40  0.991722424297
41  1.0029534935
42  1.00539536718
43  0.994417968824
44  1.00065850125
45  0.992946821723
46  0.994150593226
47  0.985909902758
48  0.991112907062
49  1.00863027701
50  1.00320533964
51  1.0030223655
52  0.990168686673
53  1.00227019142
54  0.994061261751
55  0.985124950417
56  0.993554259805
57  0.986541598695
58  0.991985946421
59  0.985460420032
60  1.0030719048
61  0.99366929675
62  0.985129354247
63  0.987880032868
64  1.00430445179
65  0.995099475431
66  0.983812221773
67  1.02826679477
68  0.99166209153
69  0.99636830445
70  0.98726779378
71  0.986644053424
72  1.00812073683
73  0.985932974762
74  0.986006683375
75  0.985144312394
76  0.988012618297
77  0.987474332649
78  1.00456696153
79  0.98409748038
80  1.01807150808
81  0.994943179187
82  0.997388656391
83  0.995514611087
84  0.986332574032
85  0.998833878368
86  1.00914351469
87  0.985750209556
88  0.986538853763
89  1.01122396034
90  0.986503067485
91  0.988636363636
92  0.988129945856
93  0.986461538462
94  0.995229660144
95  0.998269138531
96  1.00827293194
97  0.998678501373
98  0.987216494845
99  1.00055120395
100  0.985872855701
101  0.986119873817
102  1.00840274933
103  0.98985297163
104  1.0123312192
105  0.987461459404
106  1.01357537615
107  1.01373982708
108  1.00087313617
109  1.00081516862
110  1.02516580358
111  0.988574864702
112  0.982357824824
113  1.00656961553
114  1.01222502918
115  1.00270321076
116  1.02050957969
117  0.997595072582
118  0.999901185056
119  1.00103160225
120  0.98733125649
121  0.989084293511
122  0.987580128205
123  1.01603951018
124  1.00458887311
125  0.986244019139
126  0.98919351611
127  0.985745396951
128  0.986558044807
129  0.999688496315
130  1.00327135252
131  0.998004076357
132  0.987613055446
133  0.986279890239
134  1.00426209918
135  1.00393171751
136  0.999784952269
137  0.988420019627
138  1.00212663179
139  0.987025751917
140  0.98957308676
141  1.03376129893
142  1.01601141408
143  0.990106846063
144  0.987272371255
145  0.988832288401
146  0.985982230997
147  0.988360425447
148  0.989696969697
149  0.990009794319
150  0.988351074513
151  0.989153592872
152  1.00518914637
153  1.00610848816
154  0.988256369427
155  0.989523418242
156  1.00237634219
157  0.990675507667
158  0.989045059942
159  1.02054114783
160  1.01004764864
161  1.00549848225
162  0.987656903766
163  0.989082969432
164  1.01068300933
165  0.988905170609
166  0.985497973982
167  0.98709536308
168  0.985319894829
169  0.985042735043
170  0.986894713461
171  1.02392172448
172  0.988057683641
173  0.987646001797
174  0.986034798535
175  0.985873089393
176  1.01605214794
177  1.00721857753
178  1.01632139436
179  1.00854451932
180  0.988180764774
181  0.989319712097
182  0.985457063712
183  1.00836652811
184  0.986959671577
185  0.983657034581
186  1.00880041697
187  0.986762936221
188  1.00664441528
189  0.989231522271
190  1.00809895598
191  0.987844207393
192  0.988452655889
193  0.986232790989
194  1.03091065149
195  0.986162589573
196  0.987016293279
197  0.986897274633
198  0.984864300626
199  1.01852333236
200  0.985567010309
201  1.01397543173
202  1.02086336393
203  0.987942332896
204  0.986593059937
205  1.00575735883
206  1.00889251109
207  0.985915492958
208  1.05401391455
209  0.985212053571
210  1.00496208742
211  0.985586075605
212  0.983461962514
213  1.0216620753
214  1.00581234431
215  0.985070341659
216  1.0098010098
217  0.986864648772
218  1.01025931247
219  1.01031648142
220  1.00795737518
221  1.0172595719
222  0.987980769231
223  0.986634986635
224  1.074002574
225  1.0071701192
226  0.988626159832
227  1.03465549807
228  0.984881889764
229  0.985974336019
230  1.01179825542
231  0.986896772132
232  1.01390273624
233  0.981383803909
234  0.984727966911
235  0.984962406015
236  1.03771239121
237  0.988025889968
238  1.01454458751
239  1.01078809902
240  1.04874401914
241  0.986428334988
242  0.983653846154
243  0.98665754362
244  1.03688092729
245  1.01464163823
246  0.985948477752
247  0.984652947332
248  0.987088005437
249  1.01877369833
250  0.98355493352
251  0.986192613048
252  0.983044600074
253  1.00877594091
254  0.986799857296
255  1.03775618375
256  1.03646616541
257  0.987355491329
258  0.986856516977
259  0.980279670133
260  0.980628654971
261  0.98413926499
262  0.985730379271
263  0.986531986532
264  0.986640471513
265  0.977861163227
266  0.984569062853
267  0.988648846576
268  1.02332477649
269  0.985354862937
270  0.98695818949
271  0.987751876729
272  0.983645791783
273  0.987159533074
274  1.0320564872
275  0.985421591805
276  0.989882638608
277  0.980524642289
278  0.982886036562
279  1.03615032637
280  1.01418628257
281  1.02205423172
282  0.986941036803
283  0.98113964687
284  0.984515077425
285  0.987326246934
286  0.986429177269
287  0.984887737478
288  0.975847457627
289  0.983564013841
290  0.981717687075
291  0.986719787517
292  0.985306828003
293  0.981795088908
294  1.01485550645
295  1.02978885372
296  1.03767494357
297  0.984955752212
298  0.98508811568
299  0.987053571429
300  1.02293494152
301  0.979024167807
302  0.985673352436
303  0.986574074074
304  0.988290398126
305  0.979899497487
306  0.988872762458
307  0.983698183512
308  0.980446927374
309  1.04147413182
310  0.983106522759
311  0.980476190476
312  1.04488311133
313  1.02890875217
314  0.985397784491
315  0.983840304183
316  0.982370225269
317  0.982017982018
318  0.982107355865
319  0.982152230971
320  0.981265822785
321  0.979702970297
322  0.980310880829
323  0.986553784861
324  1.04505111098
325  0.981052631579
326  0.977948717949
327  0.979066022544
328  0.984991662034
329  0.97944835046
330  0.981972959439
331  0.981547924141
332  0.985930171965
333  0.979370249729
334  0.987896253602
335  0.983041575492
336  0.981132075472
337  0.98013955985
338  0.984991662034
339  1.02396846902
340  0.97732300885
341  1.02433719216
342  0.987450085568
343  1.03137222724
344  1.05425008483
345  0.978982300885
346  0.984974958264
347  0.980278422274
348  0.978651685393
349  0.98499711483
350  0.982519590115
351  0.982686567164
352  0.982060185185
353  0.983139534884
354  1.07702863962
355  0.979689366786
356  1.09115103127
357  0.981234866828
358  0.980392156863
359  0.984237074401
360  0.983114446529
361  0.981308411215
362  0.983281733746
363  0.986084756483
364  0.981203007519
365  0.979245283019
366  0.984241628365
367  1.0515039143
368  0.98427672956
369  0.979541227526
370  0.986928104575
371  0.985839514498
372  0.982176957352
373  0.981432360743
374  0.978925900748
375  0.987080103359
376  0.984438430311
377  0.980878186969
378  0.979536152797
379  0.980858085809
380  0.98255033557
381  1.10103092784
382  0.98135359116
383  1.04432432432
384  0.974219810041
385  0.979974160207
386  0.980627922512
387  0.985074626866
388  1.08067349927
389  0.983062330623
390  0.982078853047
391  0.976156069364
392  0.979031091829
393  0.983859134263
394  0.979035639413
395  0.98
396  0.972058823529
397  0.982667671439
398  0.984848484848
399  1.04126984127
400  0.981524249423
401  0.979457079971
402  1.12678439251
403  0.987152034261
404  0.981060606061
405  0.977361436378
406  0.977409638554
407  0.976489028213
408  0.974809160305
409  0.983359746434
410  0.980288097043
411  0.979641693811
412  0.975724353955
413  0.976171564734
414  0.982329317269
415  0.977093206951
416  0.984577922078
417  0.975708502024
418  0.979166666667
419  0.986334405145
420  0.982567353407
421  0.978102189781
422  0.977011494253
423  0.983306836248
424  0.975080385852
425  0.982773471146
426  0.977346278317
427  0.973377703827
428  1.09467169519
429  0.982186234818
430  0.979002624672
431  1.0975093985
432  0.986001749781
433  0.981912144703
434  0.98224852071
435  1.03695717281
436  0.978184991274
437  1.11500683824
438  1.06306017926
439  0.985480943739
440  0.975330396476
441  1.14416896235
442  0.980300187617
443  0.980609418283
444  0.979927007299
445  0.977064220183
446  0.985388127854
447  0.987523992322
448  0.977900552486
449  0.978122151322
450  0.975881261596
451  1.19508685374
452  0.972304648863
453  0.97121634169
454  0.974013474495
455  0.987607244995
456  0.984141791045
457  1.13862179487
458  0.986653956149
459  0.967370441459
460  0.983794089609
461  0.979838709677
462  0.968623481781
463  1.05436971406
464  0.978303747535
465  0.981613891726
466  0.97563559322
467  0.980552712385
468  0.969072164948
469  0.980572597137
470  0.980119284294
471  0.978957915832
472  0.979899497487
473  0.980651731161
474  0.979859013092
475  0.978925184405
476  0.977800201816
477  0.971518987342
478  0.973033707865
479  0.987513007284
480  0.963558413719
481  0.97124600639
482  0.98358974359
483  1.17612565445
484  0.983443708609
485  0.977628635347
486  0.975555555556
487  0.981541802389
488  1.03734249714
489  0.98202247191
490  0.980022197558
491  1.098
492  1.11462329293
493  0.982608695652
494  0.979545454545
495  0.975141242938
496  0.972758229285
497  1.08550947261
498  0.967780429594
499  0.969249692497
500  0.975323149236
501  0.982269503546
502  0.979020979021
503  1.1393442623
504  0.981927710843
505  0.970202622169
506  0.979518072289
507  1.0564738292
508  0.971539456662
509  0.968071519796
510  0.972772277228
511  0.976309226933
512  0.976851851852
513  1.05120601028
514  0.972111553785
515  0.970479704797
516  1.30314465409
517  0.96359223301
518  0.980964467005
519  0.9774718398
520  0.987919463087
521  0.983548766157
522  0.975734355045
524  0.971685971686
525  1.17286432161
526  0.976923076923
527  1.10559006211
528  1.46951219512
529  0.978021978022
530  0.985486211901
531  0.975967957276
532  0.978082191781
533  0.984917043741
534  0.982608695652
536  0.97625698324
537  0.976623376623
538  0.966987620358
539  0.985486211901
540  0.974219810041
541  0.972661870504
542  0.964187327824
543  1.11478117258
544  0.96875
545  0.967787114846
546  0.970193740686
547  0.976584022039
548  0.967883211679
549  0.970760233918
550  0.979104477612
551  0.963534361851
552  0.98002853067
553  0.96641221374
554  0.967095851216
555  0.974664679583
556  0.966309341501
559  0.972932330827
560  0.966101694915
561  0.971713810316
562  0.974124809741
563  0.975155279503
564  0.97965571205
565  0.97667638484
566  1.13020833333
568  0.972602739726
569  0.970172684458
570  0.96682464455
571  0.97514619883
572  0.973597359736
573  0.975490196078
574  0.975649350649
575  0.971807628524
576  0.964885496183
577  0.971476510067
578  0.974562798092
579  0.978260869565
580  0.982578397213
581  0.978405315615
582  0.984562607204
583  0.973941368078
584  0.961344537815
585  0.983425414365
586  0.968531468531
587  1.16587677725
588  0.979557069847
589  0.972972972973
590  0.973262032086
591  0.977508650519
592  0.964285714286
593  1.28813559322
594  0.960750853242
595  0.970479704797
596  0.972014925373
597  0.982486865149
598  0.966417910448
599  0.961182994455
600  0.972426470588
601  0.979047619048
602  0.980496453901
603  0.97358490566
604  0.973154362416
605  0.97287522604
606  0.975746268657
607  0.962598425197
608  0.965949820789
610  0.958823529412
611  0.975517890772
612  0.976014760148
613  0.969642857143
614  0.969258589512
615  0.97191011236
616  0.972386587771
617  0.964583333333
618  0.96186440678
619  0.969811320755
620  0.976377952756
622  0.964435146444
623  0.949494949495
624  0.965596330275
625  0.973469387755
627  0.969879518072
628  0.962962962963
632  0.922048997773
633  1.23787528868
634  0.896265560166
636  0.860788863109
637  0.783333333333
638  0.966274509804
