1  0.959203098084
2  0.960786761107
3  0.966431146359
4  0.971938003239
5  0.976375167991
6  0.977787620419
7  0.980222278822
8  0.982708308549
9  0.98468820745
10  0.987591957547
11  0.988387847193
12  0.990813200733
13  0.989850001593
14  0.990588785919
15  0.994103399369
16  0.991378254315
17  0.993758927772
18  0.990719423579
19  0.990241407529
20  0.990855124782
21  0.991982650431
22  0.991977801367
23  0.992119904281
24  0.990496644295
25  0.993899536799
26  0.990415242949
27  0.992865900351
28  0.994097489964
29  0.993353596368
30  0.995880094392
31  0.991338866835
32  0.991064780343
33  0.994110300005
34  0.994541137666
35  0.990481571627
36  0.991337427812
37  0.991512951334
38  0.995299562981
39  0.991628365069
40  0.990524285066
41  0.995409144717
42  0.991937469227
43  0.991629392971
44  0.991718426501
45  0.992306654069
46  0.991638560989
47  0.996583952468
48  1.0013947032
49  0.992320614351
50  0.999069369365
51  1.00015892202
52  0.998885943914
53  0.993938810852
54  0.992359682633
55  0.998745017885
56  1.00197460918
57  0.993199517385
58  0.994601889339
59  1.00419165279
60  0.994331484904
61  0.99430420712
62  0.994289598912
63  0.995714897872
64  0.994912790698
65  0.995191561967
66  0.995840665494
67  0.99641821593
68  0.996113270405
69  0.996582227583
70  0.995746586076
71  0.99681372549
72  0.998105548038
73  1.02840967098
74  0.99441730635
75  0.997530864198
76  0.993981481481
77  1.05597067039
78  1.14553966975
79  0.996274217586
80  1.09180633147
81  0.995841995842
82  0.99609375
83  0.985668789809
84  0.990082644628
86  0.992207792208
88  0.983277591973
