1  1.0670379538
2  0.972916666667
3  0.948268581081
4  1.10445205479
5  0.919931856899
6  1.05918706917
7  1.19548286604
8  0.95087163233
9  0.970873786408
10  0.96234939759
11  1.14404954227
12  0.981395348837
13  0.985673352436
14  0.987179487179
15  0.979907264297
16  0.966666666667
17  0.987321711569
18  0.98417721519
19  0.989280245023
20  0.986259541985
21  0.990825688073
22  0.995405819296
23  0.990977443609
24  0.985358711567
25  1.48942172073
26  0.988489208633
27  0.988321167883
28  0.994047619048
29  0.990084985836
30  0.985096870343
31  0.986052998605
32  0.993948562784
33  1.05478368914
34  0.98250728863
35  0.988439306358
37  0.994134897361
38  0.994490358127
39  0.987252124646
40  0.984507042254
41  0.993006993007
42  0.988538681948
43  0.995555555556
44  0.984679665738
45  0.994459833795
46  0.990371389271
47  0.990344827586
48  0.984334203655
49  0.987394957983
50  0.990666666667
51  0.99591280654
52  1.11448598131
53  0.990450204638
54  0.989159891599
55  0.984293193717
56  0.990801576873
57  0.98678996037
58  0.987146529563
59  0.989304812834
60  0.988052568698
61  0.993796526055
62  0.992337164751
63  0.988549618321
64  0.984962406015
65  0.982256020279
66  0.98847631242
67  1.13134220943
68  0.98962386511
69  0.985542168675
70  0.994033412888
71  0.986873508353
72  0.990453460621
73  1.13436006373
74  0.995305164319
75  0.991812865497
76  0.995391705069
77  0.986143187067
78  0.98778998779
79  0.992709599028
80  0.975147928994
81  0.988465974625
82  0.989571263036
83  0.984918793503
84  0.990554899646
85  0.990147783251
86  0.982778415614
87  0.990960451977
88  0.991130820399
89  0.994033412888
90  0.983146067416
91  0.988776655443
92  0.988347457627
93  0.994635193133
94  1.11098527746
95  0.989643268124
96  0.992639327024
97  1.17787418655
98  0.988347457627
99  0.991275899673
100  0.985010706638
101  0.995893223819
102  0.989035087719
103  0.991199119912
104  0.991189427313
105  0.98590021692
106  0.98496993988
107  0.993833504625
108  0.98740818468
109  0.986500519211
110  0.991044776119
111  0.991150442478
112  0.985507246377
113  0.990909090909
114  1.07036979248
115  1.09036027264
116  0.98578680203
117  0.988955823293
118  0.989278752437
119  0.989939637827
120  0.989021956088
121  0.988315481986
122  1.05943852856
123  0.990029910269
124  0.99053030303
125  0.9921875
126  0.990108803165
127  0.992592592593
128  1.08794820717
129  0.989351403679
130  0.98756660746
131  1.10226644555
132  0.988785046729
133  0.986462093863
134  0.98773006135
135  0.987951807229
136  0.99433427762
137  0.987643424537
138  1.06616961789
139  1.06545982279
140  1.09041626331
141  0.989228007181
142  0.986903648269
143  0.986772486772
144  1.08710470001
145  0.992957746479
146  0.992976294996
147  0.985382631126
148  0.988309352518
149  0.991212653779
150  0.991197183099
151  0.98727735369
152  0.991856677524
153  0.992468619247
154  0.993344425957
155  0.985204525674
156  0.993548387097
157  0.990894039735
158  0.991915925627
159  0.990573448547
160  0.985051140834
161  0.988571428571
162  0.994017094017
163  0.988323603003
164  0.989211618257
165  0.984884645982
166  0.989883268482
167  0.991085899514
168  0.988185654008
169  0.991830065359
170  1.04529083378
171  0.984038308061
172  0.989230769231
173  0.985903814262
174  0.988461538462
175  0.989771833202
176  0.993371996686
177  0.986068111455
178  0.988372093023
179  1.07175572519
180  0.989758595465
181  0.992657856094
182  0.992603550296
183  0.985580389329
184  0.989715189873
185  0.985305491106
186  0.989803350328
187  0.985632183908
188  1.05248368383
189  0.987813620072
190  0.991672975019
191  0.991881918819
192  1.05403692976
193  0.988505747126
194  0.989803350328
195  0.994826311899
196  0.989561586639
197  1.0352833407
198  0.987239758227
199  0.988950276243
200  0.990147783251
201  0.993931220499
202  0.990616621984
203  1.04428878512
204  0.989354151881
205  0.995042492918
206  0.981481481481
207  0.986442866365
208  0.986372485399
209  0.985573770492
210  0.989756722151
211  0.988520408163
212  0.990683229814
213  0.98778998779
214  0.988134475939
215  0.988714733542
216  0.983301220295
217  0.991751269036
218  0.990583804143
219  1.04000461481
220  0.987600743955
221  1.05514897021
222  0.993883792049
223  1.03769180491
224  0.992135511192
225  0.988169364882
226  0.986260454002
227  0.991793669402
228  0.988491823137
229  0.98817672682
230  0.985602879424
231  0.992463768116
232  0.991166077739
233  0.985388661601
234  1.03565160708
235  0.988540410133
236  1.04321709202
237  0.992397660819
238  0.982788296041
239  0.992058990357
240  0.994614003591
241  0.9890770071
242  0.985005767013
243  0.991558806978
244  0.988907376595
245  0.991606043649
246  0.990730643402
247  1.112135506
248  0.991869918699
249  0.988159311087
250  1.05215814291
251  1.05694369973
252  0.987473903967
253  0.994329896907
254  0.9890625
255  0.990580847724
256  0.988203753351
257  0.98951232302
258  0.98987854251
259  1.03216538349
260  0.991141219385
261  1.05524384981
262  0.992462311558
263  0.990692864529
264  0.988212180747
265  1.03159252095
266  0.989452536414
267  0.989151873767
268  0.990570719603
269  0.991337824832
270  1.03521126761
271  1.02943579839
272  0.99115913556
273  0.990024937656
274  0.994285714286
275  1.02457614404
276  0.990999526291
277  0.986946386946
278  0.989642184557
279  1.03458918908
280  1.02814307458
281  0.98943831013
282  1.03699939452
283  1.03153466111
284  0.990441511152
285  0.99425795053
286  0.989102005231
287  1.02772821885
288  0.990116801438
289  0.988157894737
290  0.990291262136
291  0.991831470335
292  1.02536197724
293  0.991869918699
294  0.990594271056
295  1.06486969767
296  0.992781316348
297  0.989863375937
298  0.990697674419
299  1.02018134325
300  0.987855946399
301  1.02295463255
302  0.990135635018
303  0.988668555241
304  0.993421052632
305  1.02526256032
306  0.991964644436
307  0.993075356415
308  0.990733279613
309  1.06868654311
310  1.02104637337
311  1.029492923
312  0.989105058366
313  0.988465974625
314  0.9828125
315  0.987678090104
316  1.02106394143
317  1.02976643818
318  0.988122605364
319  0.992566510172
320  0.988950276243
321  1.02181212354
322  0.985382308846
323  0.989639293937
324  0.985849056604
325  1.0215333054
326  1.01654779158
327  0.987548914977
328  1.02332580888
329  0.989263235839
330  0.990029542097
331  1.01946037539
332  0.98984403337
333  0.990528233151
334  0.98869025903
335  1.02313559856
336  0.988078541374
337  0.988103568929
338  0.991720662347
339  0.991921320688
340  0.990007137759
341  0.985370950888
342  0.990046214006
343  0.990287894554
344  1.03998958895
345  0.989936262999
346  0.98985801217
347  0.990566037736
348  1.01518214763
349  0.990740740741
350  1.01167315175
351  0.992916934965
352  0.989865969271
353  0.989908854167
354  0.989970883209
355  1.01359690934
356  0.987661937076
357  0.983536585366
358  0.98989280245
359  1.02478815722
360  0.98607748184
361  0.992753623188
362  0.989210850801
363  1.00933186155
364  1.01471999251
365  1.02251403559
366  0.985596707819
367  1.01880747553
368  1.01100826804
369  1.00590982907
370  0.986789201608
371  0.986344238976
372  0.986928104575
373  0.989324870167
374  1.01372506547
375  1.00673491976
376  1.01363460796
377  1.00827643286
378  0.987396161558
379  0.988180318857
380  1.01203678076
381  0.988989271598
382  0.987968280011
383  1.03096846847
384  1.01490020071
385  0.986827956989
386  0.990473670283
387  0.98512137823
388  0.987888362296
389  0.994029850746
390  0.989621172807
391  0.989664082687
392  1.03892112899
393  0.988584474886
394  1.02992798609
395  1.02789759503
396  0.992700729927
397  1.01277530224
398  0.990089197225
399  1.01087273789
400  1.01013767882
401  1.00911071499
402  0.988243938281
403  0.987963408763
404  0.989329621897
405  1.0068427624
406  1.01525
407  1.01196850394
408  0.989926739927
409  0.991721854305
410  0.986298076923
411  0.989276751084
412  0.98936416185
413  0.989798231693
414  0.989327146172
415  0.999621727947
416  1.01999493799
417  1.0074569156
418  0.988087359365
419  0.989938757655
420  1.00086963589
421  1.00561062215
422  0.989841986456
423  0.987616771671
424  1.00727999013
425  0.987749838814
426  1.00744379558
427  0.991046685142
428  1.00639639225
429  0.990640895219
430  0.989865563599
431  0.990546218487
432  0.989115377004
433  1.00604233655
434  1.00004842521
435  0.989270812637
436  0.990386582123
437  0.989197839568
438  0.986800630418
439  1.00491894029
440  0.987980295567
441  1.03351035641
442  0.99095109742
443  1.01943607517
444  0.989853438557
445  0.989831124024
446  1.00335843228
447  0.99211298606
448  0.989452985341
449  1.0192162112
450  1.00279044221
451  1.00366977321
452  0.992054693274
453  1.01923774955
454  1.00294654959
455  0.989710839099
456  0.989934663606
457  0.991136034732
458  1.00184070549
459  1.00135993267
460  1.00423780241
461  0.987493486191
462  0.98885405782
463  0.990248998781
464  1.0064171123
465  1.01873453517
466  0.991500934897
467  1.00470664989
468  0.990349819059
469  0.992321816057
470  1.01020364928
471  1.01899348496
472  1.00032727539
473  1.02581497245
474  0.989250923749
475  0.98779264214
476  1.01033297784
477  1.00197478702
478  1.00369556086
479  0.988119834711
480  1.01013124747
481  1.00026685282
482  1.00068638094
483  1.02339469973
484  0.997464913062
485  1.00100405207
486  0.998209462535
487  1.0284028683
488  1.00407290644
489  0.987350921576
490  0.98926687284
491  0.98963259367
492  1.01202928137
493  1.00084520758
494  0.988224299065
495  0.986659455562
496  1.00482176949
497  1.0006218675
498  0.997886683076
499  1.01114823791
500  0.999383796308
501  0.997479511444
502  0.990462734016
503  0.989670868347
504  0.996637987013
505  0.999380466472
506  1.00059397234
507  0.985426412379
508  0.990216631726
509  0.990287833304
510  0.99676412692
511  0.999046792702
512  0.998636441111
513  0.987968140993
514  0.989665440532
515  0.987970441657
516  1.00813937784
517  0.996368099479
518  0.997024071563
519  0.998955010044
520  0.986144786976
521  0.989653942205
522  0.998452862377
523  1.00494951245
524  0.997058731327
525  0.995692196356
526  0.998623189049
527  1.00124661247
528  0.986842105263
529  0.989699875688
530  0.986153026806
531  0.995967715357
532  0.987321428571
533  1.00064970862
534  0.999232971425
535  0.998152542154
536  0.984761563284
537  0.985436009467
538  1.00586311118
539  0.995530029145
540  0.988937250635
541  0.994710676526
542  0.994304919563
543  1.00798011072
544  0.984792964456
545  1.00011994003
546  0.983026363308
547  0.992097995546
548  1.00516683167
549  0.995563106868
550  0.985335065899
551  0.984005951274
552  1.00301671054
553  1.00257366698
554  1.01017718065
555  1.00447244857
556  0.994333843163
557  0.9945780782
558  0.985549132948
559  1.01210252984
560  0.985576923077
561  0.994022059078
562  1.00767490626
563  1.00048210417
564  0.985025281991
565  0.986172344689
566  0.99337791765
567  0.99481180061
568  0.988132417239
569  0.991007946466
570  0.992676425644
571  1.00051432624
572  0.98709408826
573  0.989222797927
574  0.995572715978
575  1.00648191721
576  1.00857817434
577  0.995572523982
578  0.995942028986
579  0.987595419847
580  0.996708013182
581  0.992475728155
582  1.02346990389
583  0.990820734341
584  0.991119483315
585  0.992256637168
586  1.00480028446
587  0.992634060106
588  1.00011377976
589  0.993446920052
590  0.99092131809
591  0.992561105207
592  0.991231566361
593  1.02293066295
594  1.01184646465
595  1.01404394299
596  1.00409321524
597  0.994419642857
598  0.995269071555
599  1.03934415951
600  0.991156963891
601  1.00492307692
602  0.989547038328
603  1.0033515861
604  0.990196078431
605  0.98973042362
606  0.982894736842
607  1.04001658719
608  0.987719298246
609  1.03567351598
610  0.984526112186
611  0.986899563319
612  0.986772486772
613  1.03549245785
614  0.994366197183
615  0.990291262136
616  0.985018726592
617  0.995833333333
618  0.989949748744
619  0.985714285714
620  0.994318181818
621  0.980519480519
622  1.0
623  1.0
627  0.972972972973
