1  0.934160684357
2  0.960252874108
3  0.929234764242
4  0.947442111703
5  0.959050307413
6  0.965383451754
7  0.970475553943
8  0.972788496674
9  0.973970702175
10  0.976529910662
11  0.9775259497
12  0.977451086714
13  0.978545890574
14  0.978563040461
15  0.98115031128
16  0.978640683121
17  0.979344385537
18  0.981566977191
19  0.983269284944
20  0.981731336876
21  0.981276639636
22  0.980834688347
23  0.979213545728
24  0.982365507755
25  0.982649428514
26  0.982944217072
27  0.98215946356
28  0.987049719169
29  0.986327893285
30  0.982220246694
31  0.988235935757
32  0.983480024864
33  0.981895125366
34  0.989535158963
35  0.981766280107
36  0.986150920179
37  0.983819150603
38  0.981782614011
39  0.989862663746
40  0.989784630776
41  0.986815319446
42  0.984281473551
43  0.983634797588
44  0.987944107959
45  0.984180354977
46  0.984567901235
47  0.994826213739
48  0.984903038342
49  0.986311382816
50  0.986328525531
51  0.988202211218
52  0.990321992488
53  0.984337732549
54  0.992367602005
55  0.99046467399
56  0.985828551556
57  0.994393893356
58  0.992415310701
59  0.988085782367
60  0.987297684901
61  0.987477448796
62  0.983920704846
63  0.987463726059
64  0.988006175039
65  0.985746720484
66  0.990075073165
67  0.989331836047
68  0.990171990172
69  0.991265706405
70  1.00499487211
71  0.993885869565
72  0.993610223642
73  0.993688362919
74  0.995272883541
75  0.994200881466
76  0.99493542669
77  0.996629213483
78  0.996164908917
79  0.992545657846
80  0.994897959184
81  1.03693817468
82  0.994926719278
83  0.996666666667
84  0.9969348659
85  0.997294860234
86  0.992374727669
87  0.995288574794
88  0.992917847025
89  0.989672977625
90  1.24242424242
91  0.997716894977
92  0.997361477573
93  0.990712074303
100  1.0
