1  0.890958337137
2  0.842771485676
3  0.940864671271
4  0.924390310962
5  0.940769670887
6  0.959782050423
7  0.958349112658
8  0.970901483454
9  0.983603970811
10  0.982019129747
11  1.00424797622
12  0.973025886448
13  0.987480763961
14  0.989289819376
15  0.979751107361
16  0.981700977334
17  0.987144930541
18  1.00776251025
19  0.984848484848
20  1.002097572
21  0.996959099437
22  0.984208523592
23  1.00364664661
24  0.985537986888
25  0.997360531217
26  0.99632579911
27  1.00659576181
28  0.990537504214
29  0.99216463985
30  0.995843820266
31  0.989997644657
32  0.990699707899
33  0.999753694581
34  0.998597164394
35  0.99167846762
36  0.99282363236
37  1.01358565099
38  0.998854016887
39  0.990197485799
40  0.985318407047
41  1.00168426803
42  0.989704295668
43  0.982827913774
44  1.00418774359
45  0.992837996096
46  0.983973164368
47  0.985812955012
48  0.980849141825
49  0.981205805731
50  0.988653339554
51  0.9789275635
52  0.975508666164
53  0.981483267567
54  0.969807202619
55  0.980031394046
56  0.96135529778
57  0.940103206782
58  0.912897196262
59  0.889609759748
60  0.837801608579
61  0.810582228054
62  0.727580137624
63  0.631385448916
64  0.553415441376
65  0.463313640913
66  0.416421184219
67  0.402063483708
68  0.412748097688
69  0.462396737666
70  0.535940728496
71  0.637479840877
72  0.725597025478
73  0.785622155492
74  0.855882744443
75  0.925862629296
76  0.929523989422
77  0.936093094239
78  0.965994351711
79  0.964320530318
80  0.981926421405
81  0.990586221652
82  1.03245687462
83  0.987044323281
84  0.982821849064
85  0.990360838905
86  0.992192077816
87  1.00201500834
88  0.995364415266
89  1.01518156576
90  0.986651189785
91  0.986653956149
92  0.997370629912
93  0.997352973998
94  1.009324989
95  0.998191821726
96  0.989615384615
97  1.01999530137
98  0.98743096553
99  0.98769638463
100  0.987047118453
101  0.998396984679
102  1.00670176091
103  1.00124123479
104  0.997765001523
105  1.00070409487
106  1.00486536676
107  0.996668661302
108  0.987425033856
109  0.9969727585
110  0.998792676893
111  0.998253567319
112  1.01055258905
113  1.002164297
114  1.01003430067
115  1.00396649226
116  1.06550520672
117  1.00407074677
118  1.00466849132
119  1.00011602479
120  1.00188578545
121  1.00052881951
122  0.988357285792
123  1.00114264292
124  0.989688788901
125  0.996527161652
126  1.01361870369
127  1.01637645332
128  0.987037743042
129  0.998900025279
130  1.00811848779
131  1.02986417764
132  1.00104097119
133  0.987502264083
134  1.00431426955
135  0.999372859088
136  0.991737054719
137  1.00037800038
138  0.992296129275
139  0.991185296324
140  1.02387013515
141  0.989410261092
142  0.99023840811
143  1.00351712396
144  1.01794968553
145  1.00948104669
146  0.999073660349
147  0.99140625
148  0.988757621951
149  1.01068990181
150  0.99055304074
151  0.990029325513
152  0.999435562432
153  0.990140011832
154  1.00230166215
155  1.02631823821
156  1.00038587607
157  1.01688794477
158  1.02262221902
159  1.00716714288
160  0.98824742268
161  1.00165661833
162  0.999365079365
163  1.00370039061
164  0.987549284084
165  1.00152592422
166  0.984809027778
167  0.985655292328
168  0.995583501759
169  0.995239764363
170  0.993258361241
171  0.984869498952
172  0.976536825826
173  0.948763250883
174  0.950011309658
175  0.896496343536
176  0.827824087381
177  0.763872839791
178  0.647495361781
179  0.544574982723
180  0.420990842921
181  0.336580593015
182  0.245630174793
183  0.205092449127
184  0.179575962616
185  0.188851513695
186  0.222602739726
187  0.278719980193
188  0.371456269249
189  0.499048945348
190  0.605792748337
191  0.710389288371
192  0.799587893103
193  0.864325416877
194  0.917405332422
195  0.93537414966
196  0.979409046299
197  0.965349075975
198  0.964190981432
199  1.01787143238
200  0.980141102691
201  0.983059682043
202  1.0154780027
203  0.98645660586
204  0.989588894821
205  0.989159891599
206  0.985679546069
207  1.00750176929
208  1.00635432832
209  1.00998291843
210  1.01001231075
211  1.01214653581
212  1.00891816997
213  0.988626670458
214  0.987330837892
215  1.00930245041
216  0.984222604705
217  1.01493368553
218  0.9882423877
219  1.03842106022
220  0.989717978848
221  0.988198042602
222  0.987720874513
223  1.01127421308
224  0.986388384755
225  0.989883507051
226  0.985863552551
227  0.990586758707
228  0.990464081373
229  1.02024032043
230  0.989182309895
231  0.987261146497
232  0.990060916961
233  0.99075255102
234  0.986816720257
235  1.01361289174
236  0.990834386852
237  0.987998702562
238  1.03354712854
239  1.02663983518
240  0.99043062201
241  0.989087301587
242  1.02146320894
243  0.987864873729
244  0.988775510204
245  0.986282096377
246  1.0154603846
247  0.987368421053
248  0.984060984061
249  1.03914661013
250  0.9806406195
251  0.98010130246
252  0.995229773768
253  0.955700798838
254  0.995256001811
255  0.939985272459
256  0.93177604746
257  0.947041636231
258  0.988708088387
259  0.991251632618
260  0.969539375929
261  0.977628635347
262  1.01702281782
263  0.984085862324
264  0.985162046076
265  0.987573099415
266  0.984877859636
267  0.988501189532
268  0.987629688747
269  0.989945862336
270  1.01221678448
271  1.01919529225
272  0.991352201258
273  0.987753539992
274  0.991442542787
275  0.988663967611
276  0.992119452509
277  1.01891169762
278  1.02834093872
279  0.98538961039
280  0.988421955403
281  0.990468296726
282  0.986780383795
283  1.02405099971
284  0.988304093567
285  1.01419495371
286  1.02910024415
287  1.02800754607
288  0.992424242424
289  1.05017719072
290  0.991482112436
291  0.989856297549
292  0.988298829883
293  0.984354045597
294  1.03384043477
295  0.987002096436
296  0.985217391304
297  0.984492481203
298  0.985890652557
299  0.983452593918
300  0.985300668151
301  0.98010180472
302  0.971454880295
303  0.998107384816
304  0.972378277154
305  0.999827275643
306  0.955729438359
307  0.892307692308
308  0.955953533398
309  0.792840095465
310  0.68025540275
311  0.587757054041
312  0.472522310944
313  0.368801155513
314  0.292777508483
315  0.229388811621
316  0.193612774451
317  0.180534543621
318  0.178748758689
319  0.208933002481
320  0.245253976398
321  0.326293558606
322  0.425741053602
323  0.605020677646
324  0.644181256437
325  0.725764644894
326  0.789676002197
327  0.913848547718
328  0.902150537634
329  0.923399790136
330  0.948475289169
331  0.961244263131
332  1.00710429099
333  0.968766543145
334  1.01610650777
335  0.979636763897
336  0.984482758621
337  1.03879633366
338  0.986607142857
339  1.03985128384
340  0.986954055587
341  0.985294117647
342  1.03012357073
343  0.987903225806
344  0.981838819523
345  0.986565420561
346  0.992125984252
347  0.983362019507
348  0.990730011587
349  0.990846681922
350  1.05324362166
351  0.987776484284
352  0.9875
353  1.03356727055
354  0.995043370508
355  0.990660024907
356  0.994458128079
357  0.988856304985
358  1.02404716587
359  0.983020012129
360  0.987387387387
361  1.03220417099
362  1.04904977376
363  1.04008365284
364  1.05747692308
365  0.99063670412
366  0.989930774072
367  0.989569752282
368  0.988012618297
369  0.98596043395
370  0.990138067061
371  1.0265909639
372  0.985732009926
373  0.991390728477
374  0.983365323097
375  0.986
376  0.986187845304
377  0.989619377163
378  0.989596879064
379  0.986522911051
380  1.04523395625
381  1.11198093941
382  0.981981981982
383  1.02676003501
384  1.04356670622
385  0.987115246958
386  0.983662355344
387  0.979776847978
388  0.983436853002
389  0.989920806335
390  0.986793837124
391  0.985507246377
392  0.988243938281
393  0.985496183206
394  0.987265917603
395  0.984206748026
396  0.990168539326
397  0.986231884058
398  0.988028731045
399  0.989481592787
400  0.990755007704
401  0.985236985237
402  0.990284005979
403  0.986454183267
404  0.985109717868
405  0.988862370724
406  0.984246061515
407  0.991803278689
408  0.990275526742
409  0.988915281077
410  0.992659053834
411  0.993650793651
412  0.991652754591
413  1.06942215088
414  0.990661478599
415  0.990590248075
416  0.989139515455
417  0.986554621849
418  1.05212571196
419  0.993404781533
420  0.985668789809
421  0.990251827782
422  0.987623762376
423  0.98727735369
424  0.98652064027
425  0.984502446982
426  0.98687664042
427  0.985024958403
428  0.990090834021
429  0.985243055556
430  0.98549556809
431  0.98866608544
432  0.978222996516
433  0.985678180286
434  0.98381294964
435  0.974199288256
436  0.962864721485
437  0.967654986523
438  0.956238361266
439  0.948932219127
440  0.921638468388
441  0.9333705046
442  0.83548664944
443  0.766666666667
444  0.695054945055
445  0.61257976299
446  0.48778280543
447  0.446906740536
448  0.373953488372
449  0.34637964775
450  0.333333333333
451  0.400390625
452  0.42311276794
453  0.529527559055
454  0.576739752145
455  0.711753731343
456  0.92578125
457  0.821161048689
458  0.858415841584
459  0.892929292929
460  0.936040609137
461  1.01824109291
462  0.955734406439
463  0.970408163265
464  0.977842003854
465  0.981748318924
466  0.981725888325
467  0.978809283552
468  0.988285410011
469  0.983522142122
470  0.982653061224
471  0.989733059548
472  1.07188160677
473  0.994791666667
474  0.983140147524
475  0.984243697479
476  0.986577181208
477  0.988235294118
478  1.04175744372
479  0.984015984016
480  0.982029598309
481  0.989988876529
482  0.986652977413
483  0.986636971047
484  0.989212513484
485  0.987668161435
486  1.09182590234
487  0.988262910798
488  1.0823798627
489  1.0975308642
490  0.983516483516
491  0.994075829384
492  0.991981672394
493  0.98861047836
494  0.984705882353
495  0.989547038328
496  0.983213429257
497  0.983277591973
498  1.11725028703
499  0.984741784038
500  0.991596638655
501  0.991504854369
502  0.981373690338
503  0.981220657277
504  0.982100238663
505  0.975796178344
506  0.973451327434
507  0.969270166453
508  0.946450809465
509  0.950632911392
510  0.937974683544
511  0.916666666667
512  0.892950391645
513  0.895989974937
514  0.895781637717
515  0.916
516  1.03971441321
517  0.934306569343
518  0.954489544895
519  1.45443037975
520  0.962162162162
521  0.978149100257
522  0.981456953642
523  0.978723404255
524  0.98865248227
525  0.994798439532
526  0.991293532338
527  0.979395604396
528  0.986376021798
529  1.09737484737
530  0.994910941476
531  0.984308131241
532  0.986072423398
533  0.986168741355
534  0.981690140845
535  0.992010652463
536  0.987755102041
537  1.14268232991
538  0.994301994302
539  0.987068965517
540  0.995967741935
541  0.991631799163
542  0.988522238164
543  0.988636363636
544  0.988873435327
545  0.984825493171
546  0.992700729927
547  0.989644970414
548  0.988130563798
549  0.98937784522
550  1.48195488722
551  0.992937853107
552  0.98343373494
553  0.988782051282
554  0.992424242424
555  0.987635239567
556  0.98355754858
557  0.98937784522
558  0.977645305514
559  0.986301369863
560  0.989705882353
561  0.989614243323
562  0.990338164251
563  1.15507726269
564  0.986776859504
565  0.986754966887
566  1.11123853211
567  0.988130563798
568  0.995161290323
569  0.984326018809
570  0.989660265879
571  1.31189710611
572  0.984797297297
573  0.989455184534
574  0.987220447284
575  0.988391376451
576  0.975903614458
577  0.989455184534
578  0.985507246377
579  0.991511035654
580  0.991922455574
581  0.982817869416
582  0.985765124555
583  0.983713355049
584  0.989010989011
585  1.13683153402
586  0.991319444444
587  0.985157699443
588  0.986710963455
589  0.993185689949
590  0.992869875223
591  0.988313856427
592  1.12506178942
593  0.988847583643
594  0.973821989529
595  0.987910189983
596  0.996389891697
597  0.987202925046
598  0.986055776892
599  0.99127399651
600  0.988304093567
601  0.994163424125
602  1.18755186722
603  0.990291262136
604  0.978515625
605  0.991853360489
607  0.989816700611
608  0.984962406015
609  0.988700564972
610  0.98985801217
611  0.987951807229
612  0.995975855131
613  0.97280334728
614  0.988023952096
615  0.990253411306
617  0.987473903967
618  1.18448275862
619  0.9816700611
620  0.98933901919
621  0.98755186722
622  0.987234042553
623  0.983903420523
624  0.971238938053
625  0.991631799163
626  0.978823529412
627  0.985138004246
628  0.978873239437
629  0.963906581741
630  0.964285714286
631  0.975929978118
633  0.952494061758
634  0.923261390887
635  0.916666666667
636  1.07849604222
637  0.750593824228
