569  1.30538922156
570  0.978346456693
571  0.984939759036
572  1.08365714286
573  0.992628992629
574  1.20626036484
575  0.994326241135
576  1.02598277799
577  0.993331400406
578  0.994062345374
579  1.00537215968
580  1.0060290783
581  0.993172896399
582  0.991176023125
583  0.990760791107
584  0.990647872052
585  0.989879330479
586  0.990424076607
587  0.988226983753
588  0.988232631817
589  1.00388519669
590  0.986683056751
591  0.994206639714
592  0.986509595288
593  0.985596330275
594  0.986513705228
595  0.991807196657
596  0.996259232259
597  0.984738955823
598  0.982795853729
599  0.988156622623
600  0.993293990048
601  0.984222389181
602  0.984384493863
603  0.987539459442
604  0.980502313285
605  0.987562870081
606  0.981843857172
607  0.983799291078
608  0.980164189039
609  0.98209470846
610  0.981059858738
611  0.981575225192
612  0.98307671301
613  0.984450510276
614  0.980874231693
615  0.984000267186
616  0.980069224113
617  0.979444294578
618  0.980044905004
619  0.980477327567
620  0.978555537717
621  0.97644122348
622  0.980843978588
623  0.979558805982
624  0.978149681011
625  0.977544203291
626  0.978316936859
627  0.977618458363
628  0.976496975788
629  0.974009171307
630  0.974165716269
631  0.972187468299
632  0.968792086544
633  0.966777349959
634  0.964904384295
635  0.962530863782
636  0.952062760356
637  0.947455798559
638  0.937156044239
