4  0.862745098039
9  0.96338028169
10  0.964769647696
11  0.956916099773
13  0.984095427435
14  0.977351916376
15  0.984693877551
16  0.982892690513
17  0.969117647059
18  1.09953395473
19  0.984318455971
20  0.986942328618
21  0.973319103522
22  0.985687022901
23  0.980891719745
24  1.03826628352
25  0.981116584565
26  0.980997624703
27  0.986750348675
28  1.12611464968
29  1.03829042929
30  0.984029484029
31  0.989830508475
32  0.986021505376
33  1.02288739648
34  0.984958757885
35  1.02714874142
36  1.02097780396
37  0.983079526227
38  0.982391482391
39  0.988386063276
40  1.02180769231
41  1.01520276041
42  1.03861417688
43  1.01812973993
44  0.987821851079
45  1.06305740988
46  1.02170913439
47  1.0091132383
48  0.987155963303
49  1.01239278609
50  1.03076294139
51  1.01319755266
52  0.984619766448
53  1.0131365516
54  0.988891899214
55  1.02578658335
56  1.0080092001
57  1.00848828056
58  0.986364805763
59  0.991163847513
60  1.01259570264
61  1.0593654043
62  1.00941763036
63  0.984564236523
64  1.00825206302
65  1.03943243689
66  1.00594128611
67  1.01037062615
68  1.02817123072
69  1.04871716101
70  0.987640449438
71  1.00288468331
72  1.00511789703
73  1.00385178656
74  1.02800391979
75  1.00857602763
76  0.982917509553
77  1.00857699386
78  1.00827475103
79  1.00591896762
80  0.987401574803
81  0.988084326306
82  0.986211731713
83  0.984364677384
84  1.02446971208
85  1.02484640446
86  0.985376827897
87  0.988727101926
88  1.00889408161
89  0.986965469929
90  1.02595100321
91  0.988990825688
92  1.03224880383
93  0.987570356473
94  1.00620522438
95  1.01072645601
96  0.98613998614
97  1.02998256636
98  1.04677449168
99  0.983027522936
100  0.986524163569
101  1.04002210021
102  1.00465421014
103  0.985696969697
104  1.01568627451
105  1.00594154635
106  0.98572810837
107  0.981783317354
108  1.07952338293
109  1.01438061067
110  1.04602637219
111  0.985478217326
112  1.00860383032
113  1.08097246731
114  1.00873847543
115  1.005209314
116  1.01539357041
117  0.985142281541
118  0.986072423398
119  1.06862745098
120  0.985039979365
121  1.00284874922
122  1.01706211677
123  1.01076715186
124  1.01021830892
125  1.0418928377
126  0.984647961885
127  1.04085714286
128  1.00503195974
129  1.02196780664
130  0.984562150652
131  1.03796296296
132  1.01026495252
133  1.01413144091
134  0.984195017412
135  0.985407488987
136  1.01652103953
137  0.985393258427
138  1.01075542005
139  1.02528026399
140  1.01266085513
141  0.984179850125
142  1.01103462958
143  1.02026419842
144  0.987927565392
145  0.984651711924
146  0.985545722714
147  0.985289702792
148  1.03391871134
149  1.04448358398
150  0.98344664499
151  0.985392574559
152  0.983971504898
153  0.984472049689
154  0.983825816485
155  1.01447705899
156  0.982181931854
157  1.01618185321
158  0.983808290155
159  1.03472584187
160  1.04727249238
161  1.01730673317
162  0.9796314258
163  1.04066073698
164  0.983962264151
165  0.985046134267
166  1.01221753703
167  0.982677165354
168  0.983077905492
169  0.979173446144
170  1.05431793526
171  0.983824005176
172  0.982634338139
173  0.985947712418
174  0.981407702523
175  1.03575161208
176  0.983016304348
177  1.01760615113
178  1.02138111006
179  0.983640793596
180  1.03083017568
181  1.01991048001
182  0.983462350457
183  0.987232574189
184  0.981566820276
185  0.980278816729
186  1.02517006803
187  0.986555232558
188  1.01723429952
189  0.982513661202
190  1.04533715252
191  0.985074626866
192  0.982149497955
193  0.984586466165
194  1.01711570215
195  0.986847049981
196  1.02323717949
197  1.01939353443
198  0.982370592648
199  0.985407066052
200  1.03754266212
201  0.982549317147
202  1.06679592327
203  0.983193277311
204  0.985137195122
205  0.984453944812
206  1.07436731231
207  0.9808
208  0.984515077425
209  1.06128397007
210  0.977416798732
211  0.981942215088
212  0.981426762347
213  1.01700572155
214  0.981905910736
215  0.982333607231
216  1.02588007737
217  1.02800950224
218  0.984555984556
219  1.02923208565
220  0.983072365637
221  1.09144967151
222  0.987442444537
223  0.98136915078
224  0.980513728964
225  0.981904351573
226  0.978609625668
227  1.04810298103
228  0.988844265953
229  0.977963860732
230  1.02944118287
231  1.05419252417
232  0.979519145147
233  0.984112573763
234  0.980865603645
235  0.983288166215
236  0.982604607428
237  0.981498612396
238  0.981282171268
239  0.982814677195
240  0.981351981352
241  0.982160077146
242  0.983690587139
243  0.978723404255
244  0.984995159729
245  0.982439487423
246  0.982228626321
247  0.981553398058
248  0.981177606178
249  0.982800982801
250  0.983669548511
251  1.07201655346
252  0.981087470449
253  0.978952772074
254  0.978702807357
255  0.982823403113
256  1.05545068429
257  0.980863860033
258  0.980542754736
259  0.977392218717
260  1.04711796247
261  1.02849415628
262  0.979559748428
263  0.976340694006
264  1.04361702128
265  1.0361011896
266  0.987791342952
267  0.983929497149
268  1.05798682316
269  0.98495821727
270  0.982823403113
271  0.97892401553
272  0.983727034121
273  0.977349943375
274  0.980359147026
275  0.983279395901
276  0.983362019507
277  0.982204362801
278  1.05680542458
279  0.979733642154
280  1.06500282008
281  1.04070512821
282  0.981176470588
283  0.98415393322
284  0.98499711483
285  0.981696156193
286  0.982727814175
287  0.982466393922
288  1.07330326577
289  0.978800726832
290  0.981628903858
291  0.980612883052
292  0.986444855206
293  0.980484920166
294  0.986005089059
295  1.12387730893
296  0.981226533166
297  0.980769230769
298  0.982201713909
299  0.985392574559
300  1.06216405702
301  0.978954081633
302  1.02926751592
303  0.979166666667
304  0.985391766268
305  1.05760967888
306  0.977734119188
307  0.974842767296
308  0.976648351648
309  1.10570987654
310  0.977852348993
311  0.983263598326
312  1.0595084088
313  0.977888730385
314  0.97908496732
315  0.98369210698
316  0.977867203219
317  0.976319350474
318  0.976727785614
319  0.986504723347
320  0.983198924731
321  0.977304964539
322  0.982608695652
323  0.979403409091
324  0.980082417582
325  0.981213872832
326  0.983512544803
327  0.987591240876
328  0.975415762834
329  0.978354978355
330  0.977104874446
331  0.971320754717
332  0.979289940828
333  1.05640838207
334  1.04776754075
335  0.972483707458
336  0.984749455338
337  0.979213066073
338  1.03608572993
339  0.977454545455
340  1.47364568082
341  0.978840125392
342  0.978401727862
343  0.977726574501
344  0.979348689436
345  1.07810509554
346  0.984301412873
347  0.977845683728
348  0.976080246914
349  0.980707395498
350  0.989193682461
351  1.09277594426
352  0.975389663659
353  0.982835820896
354  0.985436893204
355  0.975247524752
356  0.978758169935
357  0.980551053485
358  0.975568660489
359  1.17434679335
360  0.977105478332
361  0.979399141631
362  0.981712385702
363  0.975111111111
364  0.974489795918
365  0.974015088013
366  0.979933110368
367  1.0691164327
368  1.08945386064
369  0.97897392767
370  0.982608695652
371  0.989066442389
372  0.971606033718
373  0.968802698145
374  0.986050566696
375  0.976683937824
376  0.973190348525
377  0.976576576577
378  0.977920883165
379  0.981884057971
380  0.971351835273
381  0.979965156794
382  0.977142857143
383  0.973612374886
384  0.969972702457
385  0.977473065622
386  0.974456007569
387  0.975190839695
388  1.1489107729
389  0.972142170989
390  0.979464285714
391  0.974600188147
392  0.976255707763
393  0.984282907662
394  0.980769230769
395  0.982965931864
396  1.1313759269
397  1.09654669261
398  0.977107180021
399  0.984659635666
400  0.978809283552
401  0.981462409887
402  0.985250737463
403  0.981354268891
404  0.975359342916
405  0.977505112474
406  0.972386587771
407  0.974658869396
408  0.977553310887
409  0.974146845915
410  0.978174603175
411  0.972588832487
412  0.987513007284
413  0.975916230366
414  0.97867803838
415  0.983367983368
416  0.977011494253
417  0.982683982684
418  1.1322131704
419  0.972486772487
420  0.976445396146
421  0.98322147651
422  0.980498374865
423  0.975797579758
424  0.974753018661
425  0.983451536643
426  0.978009259259
427  0.979212253829
428  1.07363834423
429  0.970183486239
430  0.979905437352
431  0.976404494382
432  0.973713033954
433  1.11431814497
434  0.975278121137
435  0.987714987715
436  0.976771196283
437  0.964634146341
438  0.982737361282
439  0.980769230769
440  0.981020166074
443  0.983950617284
444  0.971631205674
445  0.955056179775
446  0.976800976801
447  0.976982097187
448  0.976470588235
449  0.971321695761
450  0.971631205674
451  0.971285892634
452  0.979274611399
453  0.974900924703
454  0.974905897114
455  0.972640218878
456  0.979892761394
457  0.979797979798
458  0.968579234973
459  0.97233201581
460  0.97375
461  0.966261808367
462  0.981366459627
463  0.959079283887
464  0.97789336801
465  0.97226074896
466  0.985806451613
467  0.973611111111
468  0.982142857143
469  1.21550591327
470  0.972045743329
472  0.971893491124
473  1.13683266039
474  0.976744186047
475  0.97027027027
476  0.976945244957
477  0.973684210526
478  0.977110157368
479  0.967696629213
480  1.28970331588
481  0.96690647482
482  0.981077147016
483  1.05062441252
484  0.965354330709
486  0.968834688347
487  0.976519337017
488  0.969325153374
489  0.972099853157
490  0.974926253687
491  0.972602739726
492  0.974550898204
494  0.966719492868
495  0.967883211679
496  0.972222222222
497  0.979351032448
498  0.972543352601
499  0.974921630094
500  0.983050847458
501  0.973094170404
502  0.975182481752
503  0.970972423803
504  0.974124809741
505  0.97503671072
506  0.980456026059
507  0.963396778917
508  0.979099678457
510  0.975679542203
511  0.971291866029
512  0.960591133005
513  0.981072555205
514  0.959216965742
515  0.966360856269
517  0.9824
518  0.982484076433
519  0.977635782748
520  0.976271186441
521  0.963875205255
522  0.97137745975
523  0.968304278922
524  0.978159126365
525  0.979591836735
527  0.966832504146
528  0.961602671119
530  0.977309562399
531  0.967567567568
532  0.970031545741
533  0.967791411043
534  0.975438596491
535  0.974048442907
537  0.972677595628
538  1.21838111298
539  0.97153024911
540  0.966010733453
541  1.10298042705
542  0.968164794007
543  0.967509025271
544  0.976271186441
545  0.965058236273
548  0.966292134831
549  0.970486111111
550  0.980496453901
551  0.958955223881
552  0.959107806691
554  0.986615678776
555  0.973451327434
556  0.984429065744
558  0.966604823748
559  0.967244701349
560  0.979963570128
561  0.959016393443
562  0.963531669866
563  0.970817120623
565  0.96862745098
567  0.965931863727
568  0.977443609023
570  0.979779411765
572  0.966315789474
573  0.96875
574  0.976545842217
575  0.972972972973
576  0.965587044534
577  0.96862745098
578  0.957230142566
580  0.971774193548
581  0.966527196653
582  0.975143403442
583  0.945770065076
584  0.959432048682
585  1.16507276507
586  0.968684759916
587  0.954732510288
589  0.97131147541
590  0.966597077244
591  0.971739130435
592  0.964989059081
593  0.951417004049
594  0.980561555076
595  0.963440860215
596  0.959314775161
598  0.967248908297
599  0.967741935484
600  0.95796460177
602  1.09042553191
603  0.968957871397
604  0.964435146444
605  0.978873239437
606  0.964454976303
607  0.964200477327
611  0.969094922737
612  0.974238875878
613  0.968397291196
614  0.964125560538
615  0.954887218045
616  0.944315545244
617  0.966346153846
618  0.972568578554
621  0.959821428571
622  0.968137254902
625  0.96
627  0.965197215777
628  0.966101694915
629  0.953271028037
630  0.936768149883
631  0.935732647815
632  0.944162436548
633  0.926582278481
636  1.08808290155
