544  0.0
545  1.66666666667
547  1.5
548  1.33333333333
551  0.0
553  2.14285714286
554  0.933333333333
555  0.8
556  1.75
557  1.25
558  1.45454545455
559  1.13636363636
560  1.05625
561  0.916666666667
562  1.20168067227
563  0.812
564  1.48148148148
565  1.014726185
566  1.16634522662
567  1.12555529577
568  1.00669568129
569  1.03404255319
570  1.01951977401
571  1.01947660799
572  0.994834710744
573  1.00213265089
574  1.01283135011
575  1.01082327569
576  1.00402462608
577  0.98651148723
578  0.992625510387
579  0.994105399225
580  0.990581245308
581  0.994604149786
582  0.996294786243
583  0.990634729715
584  0.991493021051
585  0.992432537116
586  0.994153828791
587  0.98837619586
588  0.989800782875
589  0.989662523191
590  0.989637063045
591  0.990198645387
592  0.98500276206
593  0.986227431275
594  0.985165156213
595  0.989888936292
596  0.984400999483
597  0.988731592651
598  0.983975328068
599  0.986679451321
600  0.982583667185
601  0.983968971021
602  0.985679098743
603  0.983147048194
604  0.980975568661
605  0.982669619524
606  0.981685973515
607  0.981857241053
608  0.980016096726
609  0.977288759507
610  0.979211927045
611  0.981138444671
612  0.980266596406
613  0.978921115123
614  0.980268775605
615  0.978841803305
616  0.976444353879
617  0.976748542244
618  0.978082688351
619  0.976363539478
620  0.97391523042
621  0.975322473261
622  0.973531064559
623  0.974156500449
624  0.972037224927
625  0.974688544188
626  0.970379542933
627  0.973022378078
628  0.970658534975
629  0.97084100114
630  0.970048965202
631  0.968755764188
632  0.965720469319
633  0.960480891637
634  0.957498138602
635  0.948750974708
636  0.945979374753
637  0.934620620855
638  0.919817901537
