1  0.824671908119
2  0.849832604286
3  0.884292338097
4  0.894117647059
5  0.925639544633
6  0.985511531638
7  1.02175602176
8  0.968877968878
9  1.02291713705
10  0.996257979309
11  1.00564386683
12  0.995867085469
13  0.960684659423
14  0.963187188751
15  0.989917849141
16  1.00753785605
17  0.991218658234
18  0.986877192982
19  0.976518172333
20  0.970464135021
21  0.950107858243
22  0.998392140666
23  0.971916200108
24  0.984972597089
25  1.01011088968
26  0.987959501558
27  0.986653185035
28  0.97693232113
29  0.980150819104
30  0.949219159417
31  0.992817776735
32  0.977573022778
33  0.983521983522
34  0.998188791818
35  0.990971208991
36  0.998306669699
37  0.970786044557
38  0.989060753985
39  0.996493248194
40  0.9771213516
41  0.965285265576
42  0.992277940063
43  0.983576392774
44  0.991839464883
45  0.947368421053
46  0.984112579406
47  0.974359647971
48  1.01146022562
49  0.973347092363
50  0.975285171103
51  0.967618409401
52  0.983249720138
53  0.968929597701
54  0.936149090745
55  0.941174766842
56  0.964730290456
57  0.921415351116
58  0.897733151049
59  0.878356960465
60  0.78581523834
61  0.731358907122
62  0.696396824741
63  0.699904873818
64  0.68567982848
65  0.682983682984
66  0.687550232294
67  0.729571984436
68  0.827657817109
69  0.853174603175
70  0.883281355932
71  0.924762140828
72  0.951116593728
73  0.978452679484
74  0.9535218509
75  0.972414589104
76  0.96042694267
77  0.98237408651
78  0.959570820198
79  0.979652728855
80  0.999964876541
81  0.980000538344
82  0.974704107682
83  0.98869896027
84  0.970420242024
85  0.984258018404
86  0.99705762987
87  0.983571428571
88  1.00032068902
89  0.98722791869
90  0.996660482375
91  1.00447307211
92  0.99568442727
93  0.989538916368
94  0.951655895982
95  1.00734527687
96  0.992162111974
97  0.990921409214
98  1.00140699268
99  0.971746952284
100  0.953278111634
101  0.99972973886
102  0.968568932217
103  0.984184225439
104  0.978147088976
105  0.987725631769
106  1.01171990692
107  0.993901756742
108  1.00814263323
109  0.985458523971
110  0.994371118012
111  0.992125263254
112  0.990431596091
113  0.963738920226
114  0.969607215284
115  0.972855000153
116  0.97378440957
117  0.964421570821
118  0.993266665336
119  0.965884008388
120  1.00271289975
121  0.997651589568
122  1.00530498016
123  1.00519350417
124  0.954308849046
125  0.980806916427
126  0.965410663152
127  0.957387715757
128  0.914737436477
129  0.928604257219
130  0.911441957314
131  0.926331909918
132  0.928549571603
133  0.950321620012
134  0.922784163474
135  0.968128857444
136  0.969362752938
137  0.977202127099
138  0.982324546874
139  0.991410287965
140  0.983050847458
141  0.991683555804
142  0.992038875103
143  1.01372074253
144  0.988720274435
145  0.960823295521
146  0.983725840507
147  0.991847692474
148  0.975911704862
149  1.00240542203
150  0.97364005741
151  0.96664717683
152  0.999380935138
153  0.97277882169
154  0.999805765692
155  0.98983951723
156  0.975801678215
157  0.999450444928
158  1.01349751362
159  1.01122795115
160  0.990810218363
161  0.9907780667
162  0.998246788716
163  0.983653266429
164  1.01399539458
165  0.99339892044
166  0.983175933454
167  0.991206221725
168  0.999332522825
169  0.986168648639
170  0.982787629416
171  0.99528410398
172  0.989867021277
173  0.986733001658
174  0.990870032223
175  1.0030647986
176  0.985073439948
177  0.98065769205
178  0.993906229188
179  0.974721648607
180  0.999645961672
181  1.00102229257
182  0.993135011442
183  1.01050105011
184  0.989461441483
185  0.987516532473
186  0.984657214993
187  0.983279265194
188  0.978899950817
189  0.969887704742
190  0.998789014053
191  0.994856207622
192  0.988036936213
193  1.00527756367
194  0.993730933496
195  0.981289059986
196  0.978020833333
197  1.01046727356
198  1.00623213048
199  1.00197425571
200  0.987270283252
201  0.979918361884
202  1.00392847558
203  1.01116912426
204  0.99392059772
205  0.993905055391
206  1.01009299311
207  0.998820574808
208  0.99223887181
209  0.993546021269
210  0.999867310652
211  1.00539133668
212  1.02127404236
213  1.0026799775
214  0.991159220286
215  1.00161939124
216  0.976814516129
217  1.00210780397
218  0.980693093504
219  0.984278733801
220  0.988103749273
221  1.00299694081
222  1.00692471591
223  0.99069598531
224  0.994286418218
225  0.993719008264
226  0.981384309863
227  0.984882859325
228  0.972748161765
229  1.00385840433
230  0.990384280562
231  0.981647541202
232  0.985938944904
233  0.997451170315
234  0.971389894046
235  0.998568666213
236  0.991347879999
237  1.00027619949
238  0.996834011759
239  0.979358520268
240  1.00501365103
241  1.00816839677
242  1.00328777545
243  1.00229150183
244  1.0017288444
245  0.994911262995
246  0.977599388379
247  0.983357738229
248  0.995540691193
249  0.991960624948
250  0.983438688571
251  0.958650501639
252  0.96903556807
253  0.937241935516
254  0.928702053881
255  0.933923469472
256  0.942196255267
257  0.918037366859
258  0.936968805087
259  0.94661312645
260  0.930687464859
261  0.974925917483
262  0.977760576941
263  0.977667081777
264  0.973278598248
265  0.982846229922
266  1.00169811536
267  0.991127290677
268  0.983437706789
269  0.992482426933
270  0.996311046488
271  0.993456729261
272  0.991756499683
273  0.996601279204
274  1.0057571965
275  0.995483303592
276  0.995652559666
277  0.984588685695
278  0.986012906203
279  0.995299962597
280  1.00486618005
281  1.00519835841
282  0.99211374096
283  0.992273374466
284  0.995204116531
285  0.991747997306
286  0.990278427526
287  0.996904024768
288  1.00001961184
289  0.99248072278
290  1.00322505035
291  1.00166370677
292  0.995378374161
293  0.999463896713
294  1.00412173447
295  0.987099739543
296  0.985943450305
297  0.98341110611
298  0.997065155466
299  0.998941673108
300  0.996034779888
301  0.988557671751
302  0.994973690086
303  0.997984867496
304  0.980628744973
305  0.987402685984
306  0.969919813868
307  0.969295160011
308  0.913283375804
309  0.892812373078
310  0.834304288036
311  0.763539705674
312  0.707933772298
313  0.619671110291
314  0.504195726135
315  0.46300723161
316  0.449698837108
317  0.436079818524
318  0.503943908852
319  0.550131620865
320  0.639143157263
321  0.721807002371
322  0.795936805041
323  0.871862180314
324  0.906824621692
325  0.942275714625
326  0.943151248609
327  0.959608596848
328  0.974699557242
329  0.979471703011
330  0.990755310779
331  1.00140309027
332  0.995132387031
333  1.00178591791
334  0.989538987527
335  0.989111243501
336  1.00129770756
337  1.00530685498
338  1.00928603658
339  0.99263455433
340  0.986053180396
341  0.990228331946
342  0.997706359836
343  1.00415437107
344  1.02260537088
345  1.00800038097
346  0.994247332488
347  0.996467776943
348  0.984812834225
349  0.994705887054
350  1.00368956976
351  1.00889610039
352  1.00114067943
353  0.991715304164
354  1.00796767522
355  1.00148215853
356  0.990349890474
357  1.00712942896
358  1.00561103223
359  0.988649849375
360  0.995987786152
361  1.00365433824
362  0.986942916106
363  0.988294875986
364  0.994378917614
365  0.99835315645
366  1.00170775373
367  0.99749993011
368  1.01184782534
369  0.988465274405
370  0.989558179535
371  0.999830366502
372  0.999774456467
373  1.00012681236
374  0.99510360656
375  0.999545202624
376  1.00992663453
377  1.00015553309
378  1.00321909473
379  0.9893800435
380  1.0038641975
381  0.979692307692
382  0.991680571828
383  0.998792927413
384  0.994147236724
385  0.990415089831
386  0.987222161092
387  0.986663622844
388  0.997954631149
389  0.999718685224
390  1.00299270338
391  1.00700394012
392  1.00125353874
393  1.00288330193
394  1.00565599245
395  1.00501742666
396  1.00195898711
397  1.0032115297
398  0.993715581288
399  1.00213375554
400  0.998977603631
401  0.999547472623
402  0.997680792747
403  0.99760066094
404  1.00199298246
405  1.00355061298
406  0.997123142393
407  1.01186280861
408  0.994540223259
409  1.01028723069
410  1.00304207636
411  1.00939467804
412  0.996105507781
413  0.995509442659
414  0.993954506315
415  1.00148116326
416  1.0016884682
417  0.992046915589
418  0.997276901047
419  1.00750117206
420  1.00370810044
421  0.998425963217
422  1.00410866991
423  0.996116905651
424  1.01645558709
425  1.00207254684
426  1.00022457757
427  0.998647631927
428  0.997669792555
429  0.990355336284
430  0.996205609798
431  0.997396756382
432  0.999787165419
433  0.994001654901
434  0.999926232163
435  0.990420253979
436  0.996020738413
437  0.986906223365
438  0.98679065869
439  0.973759578529
440  0.957551576932
441  0.949032671609
442  0.918866002873
443  0.879257337406
444  0.81396055977
445  0.75211464571
446  0.699253381869
447  0.678907154739
448  0.667332770914
449  0.690772624693
450  0.718857702957
451  0.79130914146
452  0.84601724201
453  0.885567303071
454  0.940301951025
455  0.951804089499
456  0.958507086614
457  0.98051293844
458  0.989849115205
459  0.989201031022
460  0.997363767616
461  1.0083068222
462  1.00189327183
463  0.998353061585
464  0.995119151862
465  0.999024267923
466  0.998990230368
467  1.00531795895
468  1.007601543
469  1.00527154447
470  1.00616901429
471  1.00184859013
472  1.00269295921
473  1.00858857149
474  1.0057460171
475  0.999635068534
476  1.01147553044
477  1.01237796211
478  0.998086992418
479  1.00183270414
480  1.00008642893
481  0.999880373957
482  1.00116410081
483  0.997638849551
484  0.999820802907
485  0.99754497603
486  1.00848293328
487  0.99289325105
488  1.0031792516
489  0.999987555572
490  1.00669576077
491  1.0065191087
492  1.00099851104
493  1.00511576239
494  1.00792756307
495  1.00257538546
496  1.00669469823
497  1.00315479423
498  0.996708506357
499  1.00536466752
500  1.00689021435
501  1.00076942169
502  1.00963678735
503  1.00948322442
504  0.999797304145
505  0.999454428156
506  1.00099046372
507  1.00430325292
508  0.996264559481
509  1.01009461021
510  1.00060482553
511  1.00300007933
512  1.00145764288
513  0.994777780477
514  1.00663458132
515  1.00256503924
516  0.993518426046
517  1.00260186662
518  1.0063641485
519  0.996301831898
520  0.99218449225
521  1.00444953535
522  0.999435929466
523  1.01410960778
524  1.00148674296
525  1.00700921805
526  1.00506591048
527  0.995931405342
528  1.00097171057
529  1.00106807807
530  0.9947923809
531  0.998372172721
532  1.01009426484
533  0.995569323704
534  0.998261587791
535  1.0010611073
536  1.00176462655
537  1.00123454437
538  1.00369620499
539  1.00035124181
540  0.998080830887
541  0.991722226018
542  0.999781645836
543  1.00617145158
544  0.998623728467
545  1.00978164213
546  1.00014246838
547  0.998415062888
548  1.00179519036
549  0.996996996997
550  1.01039373239
551  1.00547945205
552  1.0133856704
553  1.01058501054
554  1.00895798937
555  1.00443007515
556  0.996385414281
557  0.980749152853
558  1.00727552197
559  1.00173913043
560  0.992392946075
561  0.985991691624
562  1.01397040545
563  1.0100683841
564  1.01841506311
565  1.00102277584
566  0.998451823957
567  1.00402802403
568  0.989906832298
569  1.00180294318
570  0.985187051971
571  1.0049885955
572  0.959752195632
573  1.00395509182
574  0.96555895714
575  0.999617290208
576  0.98148303779
577  1.00369437448
578  0.990177133655
579  0.992647058824
580  0.98921398203
581  0.967519417739
582  0.970212765957
583  0.940881044626
584  1.00420972063
585  0.998989118154
586  1.00006675122
587  1.03229123817
588  1.00145137881
589  1.00656660413
590  1.03448275862
591  0.939996103643
592  0.959302325581
593  0.893827160494
594  0.880524152107
595  1.06290115533
596  1.06839032527
597  0.856885688569
598  0.911931818182
599  0.877492877493
600  0.909090909091
601  1.02857142857
602  1.06967984934
603  0.942028985507
604  0.964285714286
605  0.0
606  1.08823529412
607  0.611111111111
608  0.807692307692
609  0.0
610  0.44
613  0.416666666667
614  0.365079365079
615  0.0
