1  0.895762850681
2  0.901926508746
3  0.925708710921
4  0.932108311646
5  0.940053357027
6  0.951476377744
7  0.958022615095
8  0.959602627155
9  0.961391328991
10  0.963223322485
11  0.966922516383
12  0.965914764049
13  0.967863740896
14  0.964985638885
15  0.966622738385
16  0.968447795375
17  0.967817679691
18  0.965422827178
19  0.966297460386
20  0.969721765024
21  0.969706936513
22  0.96889867464
23  0.970607166621
24  0.974153431162
25  0.973641311092
26  0.971705830655
27  0.973873168055
28  0.974369286839
29  0.975375337395
30  0.975490694976
31  0.976098117835
32  0.977632582076
33  0.977895739352
34  0.977611249154
35  0.976383427759
36  0.975928534259
37  0.979397900963
38  0.976145192609
39  0.977106319056
40  0.978401672295
41  0.978590890299
42  0.980897759689
43  0.978449040296
44  0.97828425633
45  0.979790935679
46  0.981745277265
47  0.978975282435
48  0.980645479725
49  0.984837169252
50  0.981113114596
51  0.98067000715
52  0.983117400481
53  0.981388941622
54  0.980902260046
55  0.982399449441
56  0.985066104601
57  0.983522229094
58  0.984077066772
59  0.986156580113
60  0.984623969877
61  0.986320220809
62  0.983316114638
63  0.985483719629
64  0.987456902522
65  0.983400631053
66  0.988212841951
67  0.98927041903
68  0.988526560189
69  0.991350143679
70  0.990273210588
71  0.98748305424
72  0.994372706976
73  0.992959607669
74  0.99758759517
75  0.993203627556
76  0.994270372298
77  0.997771288654
78  0.994041314041
79  0.998291562025
80  1.00072841733
81  0.995127330083
82  1.00134636579
83  0.992296823009
84  1.00633677401
85  1.00147102855
86  0.998769772521
87  1.00328104713
88  1.00988924051
89  1.01763967882
90  1.01490018043
91  0.985040375831
92  1.03876056977
93  1.02595746431
94  1.03185096154
95  1.03383458647
96  1.02795765238
97  1.06341664945
98  1.13176144244
99  1.11961722488
100  1.14193548387
101  1.01685122773
102  1.11778846154
103  1.08970099668
104  1.0664160401
105  1.23100303951
106  1.07142857143
107  1.2
108  1.06071428571
109  0.991666666667
110  1.13142857143
111  1.05882352941
113  1.35
115  1.4
117  1.0
118  1.125
121  1.25
