1  1.08070887408
2  0.983779324294
3  0.897547897337
4  0.911658174228
5  0.953909653749
6  0.970761741123
7  0.948649714173
8  0.966506119924
9  0.971220400729
10  0.988401449586
11  0.999972391961
12  0.971192512978
13  0.959281616737
14  0.97353811667
15  0.966322815534
16  0.982852835877
17  1.00248803511
18  0.965449923573
19  0.973075361927
20  0.985433894117
21  0.966062195033
22  0.972764799139
23  1.00028077269
24  0.974473390642
25  0.980687017175
26  0.980031152648
27  0.977115545571
28  0.984990442766
29  0.980903225806
30  0.982553295761
31  0.98
32  0.998695586228
33  0.99127153874
34  0.967172056296
35  0.988682661838
36  0.991322587325
37  1.01004901961
38  0.980679546969
39  0.990356488696
40  0.985414159574
41  0.982508908128
42  0.971717005459
43  0.988969068888
44  0.983792701863
45  0.987590265537
46  0.988701107484
47  0.988675458716
48  0.963034859877
49  0.993351351351
50  0.992647058824
51  0.982292133263
52  0.984227761394
53  0.977658519512
54  0.996578053576
55  0.989313194642
56  1.00638777388
57  0.968923549569
58  0.99032344293
59  0.976773633371
60  0.977857978931
61  0.992550643446
62  1.01869546184
63  0.971426153195
64  0.975673356401
65  0.980808316044
66  0.974559552605
67  0.980405625432
68  0.984958593882
69  0.976962474645
70  0.989179019147
71  0.983453682083
72  0.981197033898
73  0.980665950591
74  0.988451977401
75  0.989700097289
76  0.990736978955
77  0.982115138017
78  0.974527272903
79  0.985980975199
80  0.999250723439
81  0.983120035305
82  0.957809310295
83  0.960228807347
84  0.990912758546
85  0.989498042008
86  0.984996870336
87  1.00416436845
88  0.986829832481
89  0.994718309859
90  0.994326475529
91  0.983801033681
92  0.982797717185
93  0.978188702268
94  0.971845605526
95  0.998796113165
96  0.978768659107
97  1.00890282273
98  0.985924376095
99  0.98605627926
100  0.991873065015
101  0.970210845922
102  1.00934441175
103  1.01940090561
104  0.985295405511
105  0.991673826688
106  0.993382337275
107  0.987781101326
108  0.982882513152
109  0.985720638371
110  1.00020638629
111  0.985927689976
112  0.980869934425
113  0.991019244476
114  0.983885623421
115  0.981077745784
116  1.01671514446
117  0.999521756769
118  0.993963782696
119  0.980783250226
120  0.98661488388
121  0.983242388487
122  0.982948986723
123  0.989662078508
124  0.997202302694
125  0.981943093385
126  0.985500272445
127  0.976579563957
128  0.981314168378
129  0.993069092484
130  0.990840197694
131  0.984158605143
132  0.969956281209
133  0.993735538123
134  0.974619977031
135  0.982603935579
136  1.00494059486
137  1.00296181774
138  0.980552578302
139  1.00498104532
140  0.991651709805
141  0.992312202162
142  1.0144048309
143  0.977862244322
144  0.985770001054
145  0.983164983165
146  0.987013568582
147  0.984848206691
148  0.988556017779
149  1.0054998807
150  0.995210953615
151  0.977307464915
152  0.997269499572
153  0.979144298422
154  0.995754547187
155  0.998459856916
156  1.00328846008
157  1.00042421083
158  0.981840533138
159  0.992406264832
160  1.00266178797
161  1.00230678081
162  0.991258131488
163  0.982304630212
164  0.994949140494
165  0.98912144107
166  1.0028906074
167  0.995098039216
168  0.997957386864
169  0.983384689747
170  0.990414426435
171  0.991380256561
172  0.994869757174
173  0.988854308158
174  0.977415661845
175  1.01774564341
176  0.99241150543
177  0.995642903495
178  0.995786424386
179  1.00330297334
180  0.983481211923
181  0.988560307498
182  1.00810794989
183  0.982390922268
184  0.989765194705
185  0.975739377818
186  0.999449710256
187  1.01783847581
188  0.994322505121
189  0.988618411097
190  0.99905400282
191  0.98617414248
192  1.00575646992
193  0.998027348291
194  1.00349378882
195  0.999322033898
196  1.00056637807
197  0.994776372261
198  0.987690559606
199  0.988649099112
200  0.989345694141
201  0.981246628083
202  0.976688680338
203  0.990057967772
204  0.985161135648
205  0.999735169492
206  1.00398616013
207  1.00554274007
208  0.987913379218
209  1.0064205538
210  0.999348109518
211  0.988980279331
212  0.988553688688
213  1.00216242022
214  0.986495723338
215  0.998978143548
216  0.980649669748
217  0.984980599821
218  0.990394636121
219  0.986930534504
220  0.991652992794
221  0.97535630869
222  0.995093343759
223  1.00165064178
224  1.0030905182
225  1.00289608919
226  0.990540741844
227  0.982851484122
228  0.998668530491
229  1.00754107191
230  0.981208801664
231  0.98290350623
232  1.00050979448
233  0.998239802997
234  0.994057485048
235  0.996607021679
236  0.977158037566
237  0.983786610879
238  0.99658457178
239  0.990683337977
240  0.992222822481
241  0.974901627621
242  0.987829870651
243  0.986759800332
244  0.997598702889
245  0.98789693614
246  0.991175
247  0.990230111094
248  1.00044778937
249  0.995135696605
250  0.992383489215
251  0.995159949615
252  0.990081904532
253  0.993326523664
254  0.997492541772
255  0.981935102667
256  0.989446645584
257  0.997112608277
258  0.981524724236
259  0.984363087209
260  0.988786276657
261  0.99005652699
262  0.992087713349
263  1.00257638215
264  0.990868043364
265  0.997732801616
266  1.00421832641
267  0.985428855969
268  0.998973149492
269  1.00084254871
270  1.00012480687
271  0.980860172679
272  1.00510551108
273  0.997504136677
274  0.990633490633
275  0.997423802612
276  0.995525257088
277  0.990672158941
278  1.00485199152
279  0.998968590101
280  0.994883763172
281  0.995903252613
282  1.01033322273
283  1.00318421053
284  0.993395940977
285  0.983309287015
286  0.996753246753
287  0.984849021622
288  0.997301374907
289  1.00553940127
290  0.991954844503
291  1.00192736438
292  0.992904204482
293  0.994297950892
294  1.00525421047
295  0.994348980602
296  1.00042395921
297  0.996420252576
298  0.997781414803
299  0.993680730329
300  0.991518576931
301  0.993718732629
302  0.993578298648
303  1.00164126559
304  0.999722994815
305  0.992937527208
306  0.999175495432
307  1.00292099019
308  0.991328812181
309  1.00147556721
310  0.992267882311
311  1.00590650767
312  0.987256501358
313  0.99236372804
314  0.996343525412
315  0.987212657535
316  0.98416642636
317  0.989682265409
318  0.990402831393
319  0.987652734838
320  0.984217632774
321  0.984587544793
322  0.998566011981
323  1.00555273691
324  0.995331379797
325  0.991007334101
326  1.00879738388
327  1.00086421037
328  0.99519735533
329  0.994430835933
330  0.997261569768
331  0.99627422538
332  0.995405498311
333  0.999725681002
334  0.993581253184
335  0.999753583837
336  0.999564496407
337  0.995451347562
338  1.00144782724
339  1.0039556962
340  1.00141100768
341  0.994611185865
342  0.991091260837
343  0.996090078868
344  0.992008237067
345  0.99901152975
346  0.998069281086
347  0.995379128271
348  1.00826992876
349  0.991460826737
350  0.989475035297
351  0.993521489444
352  1.00154651374
353  0.987455694678
354  0.997386345811
355  0.993490426988
356  0.992461622807
357  0.997355896351
358  1.00257527084
359  0.99812125489
360  0.996569391055
361  1.00419552477
362  0.998800891062
363  0.994713414315
364  0.997085688265
365  0.998100921191
366  1.002962396
367  1.00092376738
368  0.992582488812
369  0.99624602872
370  1.00135384615
371  0.995593715815
372  1.0016450269
373  0.998583474444
374  1.00943053527
375  0.994503324696
376  0.99170930637
377  0.991582216468
378  0.997870914911
379  0.991724539444
380  0.994361959942
381  0.993421816113
382  1.00312071282
383  1.00800170094
384  0.998579386859
385  1.00256806107
386  1.001850756
387  1.00528964624
388  0.997886045956
389  0.995228872235
390  1.00066638005
391  0.998633041882
392  0.994843022897
393  1.0012015583
394  0.990833703942
395  0.99996441779
396  0.998982503142
397  1.00241220833
398  1.00176779577
399  1.00349004535
400  1.01188635346
401  1.00428359688
402  0.994812138146
403  0.993631157268
404  1.0003274302
405  0.999227622585
406  1.00400261815
407  0.996367055368
408  0.99660599007
409  1.0031297499
410  0.995187022468
411  0.999972305409
412  1.00220774266
413  1.00070086798
414  0.999613323557
415  1.00149549162
416  1.00325906336
417  0.998600945807
418  0.994374699051
419  0.991666951661
420  0.999391528242
421  0.9935017231
422  1.00259142965
423  1.0028497121
424  0.991850019692
425  1.00183601155
426  0.998818387129
427  0.994357097704
428  0.998932059615
429  0.994747888878
430  1.00288511562
431  0.993254918004
432  0.997916860758
433  1.00312631565
434  1.00500072638
435  0.997215389461
436  0.990340837762
437  1.00190870238
438  0.99722025573
439  0.994046231084
440  1.00345224396
441  0.999741241127
442  1.00075764211
443  0.996231996183
444  1.00151124863
445  1.00152763223
446  1.00000224164
447  0.998377173032
448  1.00669661318
449  0.998859287402
450  1.00190679588
451  1.0034846863
452  1.00085713035
453  1.00184266405
454  0.998812750555
455  0.997392389308
456  1.00204297288
457  1.00478795156
458  1.00350603973
459  1.0033852396
460  1.00207556135
461  1.00614479297
462  0.998486656234
463  1.00699511566
464  1.00279973239
465  1.00585928857
466  1.00472899201
467  1.00597351414
468  1.00721666686
469  1.00547280287
470  1.01214717468
471  1.0078732999
472  1.00646411024
473  1.0056457129
474  1.00251384642
475  1.00707170435
476  1.00337080725
477  1.00806624825
478  1.01046090686
479  1.01214656177
480  1.00114180607
481  1.01139433785
482  1.0032755215
483  1.00095310713
484  1.00176357199
485  1.00434625195
486  1.00643388519
487  1.00657701744
488  1.00269543825
489  1.00838109612
490  0.996470894022
491  1.00252334675
492  0.99812523827
493  0.995927741821
494  0.995484439415
495  0.993756205517
496  1.00131341213
497  0.992048312447
498  0.997097328542
499  0.996563151535
500  0.991825326587
501  1.0002051923
502  0.997916789581
503  0.994634074485
504  0.997369684615
505  1.0032075731
506  0.99398026477
507  0.999319939608
508  0.997420960068
509  0.99129870264
510  0.994833608645
511  0.987970262044
512  0.996937923225
513  0.985867129681
514  0.992937107415
515  0.990520620802
516  0.993992708445
517  0.993308106868
518  0.991048716905
519  0.992939119895
520  0.999600276565
521  0.994098800214
522  0.993440626423
523  0.988955078025
524  0.991134154089
525  0.997492159752
526  0.992198533491
527  0.989718496875
528  0.996198937729
529  0.990480479301
530  0.995045735181
531  0.98758522087
532  0.991709769967
533  0.988340988185
534  0.991074474335
535  0.994204664068
536  0.985769547567
537  0.991814315838
538  0.993408617404
539  0.991468680413
540  0.985945864889
541  0.991469308816
542  0.980867521304
543  0.989210890683
544  0.990323046674
545  0.996648755186
546  0.992072893302
547  0.984407329912
548  0.989174652135
549  0.98958718007
550  0.982131224223
551  0.99355818332
552  0.98857577871
553  0.983923611952
554  0.993228331185
555  0.990084952422
556  0.992922801344
557  0.995054242561
558  0.989211812686
559  0.986020500263
560  0.992598818389
561  0.989662098085
562  0.990355471362
563  0.988133724516
564  0.991089261007
565  0.986540975588
566  0.98479266297
567  0.992529239013
568  0.99258414003
569  0.986103483658
570  0.985907724553
571  0.98563261448
572  0.97796696264
573  0.990905100065
574  0.981958470113
575  0.98560382176
576  0.977957691764
577  0.986864414303
578  0.977022669731
579  0.985117409981
580  0.992770876756
581  0.992557832261
582  0.985683684896
583  0.985785117566
584  0.999612553754
585  0.993442425196
586  0.993686721844
587  0.990770452529
588  0.988109620085
589  0.996004256959
590  0.990234486547
591  0.998504128344
592  0.997207171809
593  0.995701372703
594  0.98686136867
595  0.991207984335
596  0.990298987055
597  0.984929390004
598  0.993831950796
599  0.986359668945
600  0.987912751155
601  0.99107628127
602  0.998143218513
603  0.989440175601
604  0.997759240616
605  0.99217877319
606  0.99710446845
607  0.988046012547
608  0.998235302103
609  0.995824014122
610  0.994137964789
611  0.988112726521
612  0.992291964946
613  0.991072436368
614  0.98935132666
615  0.998741421014
616  0.997088795285
617  0.987694761636
618  0.992032899789
619  0.99803990972
620  0.996548141694
621  0.994020652898
622  0.970485508154
623  1.0014392631
624  0.972082502568
625  0.992986872865
626  0.996132724168
627  0.9867671278
628  1.01590618832
629  0.990377710757
630  0.97717036807
631  1.06172839506
632  0.94
633  1.05
634  1.04081632653
635  0.988235294118
636  1.04310344828
637  0.885509838998
638  0.647058823529
