1  1.35458874459
2  1.12882191781
3  1.11862759046
4  1.06782106782
5  1.02520408163
6  1.00468715719
7  1.03278968127
8  1.01157309695
9  1.02466493506
10  1.0015971606
11  1.02017888307
12  0.988128796601
13  1.02419294294
14  0.986466165414
15  1.01790351237
16  0.993588973034
17  0.985080144319
18  1.03660773237
19  1.00545532223
20  1.00357507661
21  1.00949260753
22  1.01067073171
23  1.00957082231
24  1.00074074074
25  1.01542321847
26  0.975723680167
27  0.99435664125
28  0.98836856171
29  1.0111969112
30  1.00954773869
31  0.992929842281
32  1.00586616042
33  1.00581105761
34  1.01021283231
35  1.01350617619
36  1.01195935617
37  1.00712467427
38  1.01945786366
39  1.02329118738
40  1.0114951989
41  1.003382572
42  1.01724770642
43  1.03246753247
44  0.998476368159
45  0.99605885444
46  1.02314814815
47  1.00229440889
48  1.00177125506
49  0.994595837645
50  0.998300239512
51  1.03523073989
52  1.00960693895
53  1.01873504085
54  1.00769375117
55  1.00653894689
56  1.0263255469
57  0.998887181389
58  1.01501976285
59  0.988840249091
60  0.994698634062
61  1.0231641791
62  1.00491188336
63  1.00695223455
64  0.988071885471
65  1.01189764041
66  1.00275991197
67  0.970433248815
68  1.01496885282
69  0.997154727681
70  1.00395499109
71  1.00899932505
72  1.0271756167
73  0.989409141583
74  1.01055562
75  0.994202739726
76  1.0083552056
77  0.97990430622
78  1.00949387252
79  1.00659657803
80  1.01287877934
81  1.01648059543
82  1.00247960697
83  0.997970816233
84  1.02348523802
85  0.988309285979
86  1.01232540738
87  1.00327868852
88  0.972695652174
89  1.02810030917
90  1.01427683533
91  1.0118594277
92  1.00728179551
93  1.01375718318
94  1.00217635033
95  0.996457589726
96  1.00238663484
97  1.01843270518
98  0.987947083092
99  1.02016129032
100  0.991604010025
101  0.981087470449
102  0.992849719393
103  0.989760703525
104  1.0002962963
105  1.0155669145
106  0.989760608876
107  1.00821069855
108  0.995163270932
109  0.986939928628
110  1.00733929396
111  0.988700230228
112  0.99536538939
113  1.0080791931
114  1.00236966825
115  1.00907960199
116  1.00686695279
117  1.01874133381
118  0.998001508296
119  1.00921190325
120  1.00364581151
121  1.00703896104
122  1.01524090462
123  1.00493749755
124  0.994965946106
125  1.00985396743
126  1.01255313828
127  0.996096882853
128  1.01845317702
129  1.01502408065
130  1.00629251701
131  1.01428845607
132  1.0102607233
133  1.00178363533
134  0.993902709836
135  1.0230012053
136  0.985875510628
137  0.98918794571
138  1.01415002908
139  1.00153601092
140  1.03509737045
141  1.02120397743
142  1.00815100815
143  1.00101562941
144  1.02081461305
145  1.00730792021
146  1.00193447458
147  1.00303951368
148  1.00029813665
149  1.01582054309
150  0.991166057429
151  0.997394535464
152  1.00677830941
153  1.00953544403
154  1.00235155791
155  1.00456310125
156  1.02380191693
157  1.01616589082
158  1.01305311736
159  0.991582868201
160  1.00228910555
161  1.00188535095
162  1.0037681753
163  1.00349299239
164  0.998869083439
165  1.01817653046
166  0.998874190825
167  0.989420078165
168  1.00843502462
169  1.02008122744
170  1.02132676254
171  0.996483409352
172  1.00917940813
173  0.993555316864
174  0.981707676875
175  1.00418796096
176  1.00490864993
177  1.0057753284
178  1.00344373828
179  1.04057776216
180  1.01187801262
181  0.994421180663
182  1.0075195418
183  1.00392904118
184  0.988802756245
185  1.01192100539
186  1.00341898052
187  1.00381509688
188  1.0150315831
189  1.01433082679
190  1.00715527057
191  1.01345768758
192  0.997286212914
193  1.0189033189
194  0.997896670938
195  1.00596669673
196  0.987987326409
197  0.967959527825
198  1.00529753829
199  1.01214235117
200  1.00294734857
201  1.01523492979
202  1.01400787219
203  1.01192818495
204  0.996416049864
205  0.995695124162
206  1.01305032464
207  1.01669623766
208  0.998783298264
209  1.00665260055
210  1.00221701785
211  1.00067613252
212  0.989571746385
213  1.0084237241
214  1.02336229947
215  0.999039938556
216  0.994442295293
217  1.0151630864
218  0.979025852732
219  1.0048803601
220  1.00069289497
221  1.00543677908
222  1.00466000951
223  0.993773349938
224  1.013234809
225  1.0043773235
226  1.01252884932
227  1.00410618793
228  1.02843880073
229  0.998011520508
230  0.991817629007
231  0.994264747791
232  1.00180306152
233  1.0043493476
234  1.01646156495
235  1.00274197971
236  1.00636700232
237  1.00621600622
238  1.00165947749
239  1.00336929904
240  1.00275363874
241  1.01072614969
242  1.00033497499
243  1.00647899911
244  1.01039177229
245  1.01278666842
246  0.999906783867
247  1.00726744186
248  1.00661249203
249  1.00279863291
250  1.00360939431
251  1.01168691227
252  1.00682740325
253  0.996125991211
254  0.998322957109
255  1.00834499804
256  1.00661087452
257  1.00125912112
258  1.01234837127
259  1.01299576271
260  0.999662027222
261  1.00158337112
262  1.01541995623
263  1.00249889497
264  1.01526726068
265  1.02493309459
266  1.0130051555
267  0.992001858489
268  1.01581958084
269  1.00385812582
270  0.995868431609
271  1.01654811923
272  1.01104512658
273  1.00317791168
274  1.0116498186
275  0.995287338964
276  1.01469689426
277  1.00608654834
278  1.01316723087
279  1.02232837549
280  1.00991109277
281  0.993883025395
282  1.01065033648
283  1.01476308345
284  1.00107004907
285  1.01146055437
286  1.02600836203
287  0.99588891814
288  1.00703464998
289  0.998980579169
290  1.00234968
291  1.01257793787
292  1.00443142557
293  0.999344915548
294  1.01110585151
295  1.00493429874
296  1.01704497905
297  0.99722739367
298  0.998210594782
299  1.00897933847
300  1.01522763563
301  1.00801865695
302  1.00527135651
303  1.00548852019
304  1.00380962974
305  1.01413793103
306  1.01796378429
307  0.998103411133
308  1.00771144675
309  1.00031960136
310  1.0007138741
311  1.00142368541
312  1.0153978212
313  1.00781346862
314  1.00937289011
315  1.00438022127
316  1.00187698264
317  1.01046259365
318  1.01636345867
319  1.00093897183
320  1.00880519884
321  1.01871779821
322  0.997210041289
323  1.0000428478
324  0.997060190822
325  1.00027756093
326  1.01347266507
327  1.00672454785
328  0.998181736888
329  1.00794111184
330  0.989719036094
331  0.999690973951
332  1.00486316039
333  1.00574969154
334  1.00981250316
335  0.991219521396
336  0.998037645174
337  1.00261477231
338  0.999967156042
339  1.00265914211
340  1.00076745347
341  1.00622237961
342  0.997941122941
343  1.0098639636
344  1.01196702272
345  1.00722180814
346  1.01070683001
347  1.00571428571
348  1.00641596381
349  1.00523612562
350  1.01468538927
351  0.999376349244
352  0.995531291073
353  1.00658941543
354  0.996675121951
355  1.01715916123
356  0.994556237359
357  1.00916122794
358  1.00574245981
359  0.998915260056
360  0.999630811034
361  1.00091977542
362  1.00631760127
363  1.0042302098
364  0.991392427558
365  1.01021456669
366  1.01102893324
367  0.998732353263
368  1.00098385374
369  1.00937020423
370  1.00783669476
371  1.01497306168
372  1.01405456394
373  1.0153829678
374  1.01389534197
375  1.00525750856
376  0.996250382614
377  1.0040248489
378  1.0011359601
379  1.01006442309
380  1.00835545336
381  1.01260298026
382  1.0051266946
383  1.01484818561
384  1.00973900826
385  1.00682285827
386  1.01221228675
387  1.00057928274
388  1.00417300907
389  1.01811788618
390  1.00902290807
391  1.00572483831
392  0.995418551282
393  1.00133260995
394  1.0121357634
395  1.00831152611
396  1.0104958941
397  1.00789873245
398  1.00863430874
399  1.01687550255
400  1.00969373174
401  1.01266931557
402  0.993882604215
403  1.01744047472
404  1.00449770587
405  1.01175886726
406  1.0050955414
407  1.01094547075
408  1.02050173421
409  1.01202806887
410  1.01329482177
411  1.00537739406
412  1.00248589969
413  1.00730889719
414  1.01741806223
415  1.01258687393
416  1.00850120591
417  1.01101368199
418  1.00892184132
419  0.997799341917
420  1.00747715314
421  1.00222705377
422  1.00368067538
423  1.00407955528
424  0.998938414359
425  1.00660920644
426  1.00453908715
427  1.00000560495
428  0.999298558147
429  1.00570138952
430  1.0099698189
431  1.00880056611
432  1.00533683412
433  1.01344764501
434  1.00894738449
435  1.00432790283
436  0.999975361636
437  1.00348382338
438  1.00655277861
439  1.01049945811
440  1.0009833047
441  1.01507152681
442  1.00805170798
443  1.002865006
444  1.00786089032
445  1.00933456755
446  1.01671719321
447  1.01157382559
448  1.00068407641
449  0.996500769062
450  1.00222611066
451  1.00875004764
452  1.01516306411
453  1.00701979193
454  1.00822413222
455  1.00455762929
456  1.00678540698
457  1.00836303607
458  1.00007503645
459  1.01582665252
460  1.00201018839
461  1.00667161086
462  0.997428318855
463  1.01021652094
464  1.0039434318
465  1.00330451101
466  1.00807617567
467  1.00508665702
468  1.00357276446
469  1.00811955556
470  1.00738970333
471  1.00736223601
472  0.998322183211
473  1.01395054839
474  1.0155159242
475  0.995345983577
476  1.00297043227
477  1.00308187624
478  1.00666777603
479  1.01403862668
480  1.00838006466
481  1.00435802159
482  0.998322413843
483  1.00062209151
484  1.0065957127
485  1.0025448642
486  1.00080932284
487  0.997210788366
488  1.00846045476
489  1.00154653846
490  1.00374246803
491  0.99744157924
492  1.0028907785
493  1.00956484058
494  1.0029704752
495  0.996935875438
496  1.0092846158
497  1.00164960959
498  1.00365102478
499  0.995801847187
500  0.99648183765
501  0.989848756694
502  0.996754551492
503  1.0034449461
504  1.00653372143
505  1.00574916507
506  1.00694210514
507  0.995190615836
508  1.00855104753
509  1.00851848515
510  1.01050866033
511  1.00308008374
512  0.997749316411
513  1.0101766731
514  1.00989074645
515  1.00316155666
516  0.996225192198
517  0.995720861691
518  1.00030265522
519  0.999994325428
520  0.995391835641
521  1.00077738864
522  0.99636443505
523  0.995419658181
524  0.997268047139
525  0.993531206698
526  1.00601918488
527  0.996202632727
528  0.997194330533
529  0.999777879963
530  0.998893998487
531  0.99621100052
532  0.990033748418
533  0.99848194667
534  0.986506299
535  0.998389346069
536  1.00353414972
537  0.997143495811
538  0.994171732318
539  1.00224367968
540  0.998922368646
541  1.00492262649
542  1.00253924288
543  0.995787096996
544  0.99674845219
545  0.998225242671
546  0.99404063704
547  0.990440155845
548  0.996862355674
549  1.00001873393
550  0.997009182458
551  1.0067564732
552  0.991323312533
553  1.00323124093
554  0.998687986768
555  0.998864372653
556  0.998024837272
557  0.992907968106
558  0.995094108343
559  1.00773973052
560  0.996354743187
561  0.993747936595
562  1.00585546321
563  1.00027455742
564  1.00249205638
565  0.999169138274
566  1.00386920023
567  1.00553547938
568  0.999594943423
569  1.01446017638
570  1.0013568732
571  0.992407956891
572  1.00103741506
573  0.998487380765
574  1.00577921413
575  0.998138796148
576  0.997962923233
577  1.003059895
578  1.00241435164
579  0.997794012941
580  0.991594029906
581  1.00739627055
582  1.00440595823
583  1.01653938907
584  1.00720696768
585  1.00553086408
586  0.99469190326
587  1.00091764706
588  1.00487038897
589  1.00946599754
590  1.01300775259
591  1.01940884777
592  1.00158736732
593  0.983593952484
594  0.996060916122
595  1.00384455973
596  1.02342695354
597  0.9991794153
598  1.01425959601
599  1.01216857418
600  1.00306293311
601  1.01362664991
602  1.01671609843
603  1.03441439185
604  1.01175973693
605  1.03278933333
606  1.03618121009
607  1.00841553675
608  1.06047231901
609  1.03209202164
610  1.0142597874
611  0.993796890062
612  0.995864350703
613  0.98635281187
614  0.892561983471
615  0.96345177665
616  0.864744599981
617  0.893004115226
618  0.882779198636
619  0.679653043223
620  0.835555555556
621  0.766071428571
622  0.633333333333
623  0.36036036036
624  0.596798780488
625  0.775465498357
626  0.391719745223
627  0.393987341772
628  0.179738562092
629  0.48433048433
630  0.648979591837
631  0.642519685039
632  0.686475409836
633  0.819512195122
634  0.379310344828
635  0.571428571429
636  0.870886075949
637  0.0
