1  0.930514070806
2  0.955442769405
3  0.962070563247
4  0.965465132331
5  0.971480209044
6  0.974958908319
7  0.977592434581
8  0.981285998292
9  0.982407544234
10  0.983089007457
11  0.984266229616
12  0.985526508198
13  0.98635646821
14  0.986172705986
15  0.98781159768
16  0.988330764422
17  0.98915163774
18  0.98765688783
19  0.990102431431
20  0.9876010168
21  0.987848472028
22  0.989143278063
23  0.989041354961
24  0.990667360726
25  0.989183420358
26  0.990523708762
27  0.992509815472
28  0.989743750783
29  0.992050162054
30  0.990186941048
31  0.99011886628
32  0.992245727819
33  0.991804345765
34  0.991728873245
35  0.991130409375
36  0.991769913941
37  0.990207626161
38  0.992284744584
39  0.990297007501
40  0.991227067369
41  0.993052043859
42  0.99018163986
43  0.993569897595
44  0.99319571415
45  0.993774237402
46  0.995175446152
47  0.992187203372
48  0.990369136766
49  0.994160485526
50  0.992427972713
51  0.993659337265
52  0.990070985961
53  0.994914581699
54  0.994833711255
55  0.993543608874
56  0.995726362825
57  0.992818847983
58  0.99875121894
59  0.996519694507
60  0.99178300356
61  0.995083748373
62  0.99563618028
63  0.993805294591
64  0.992673333034
65  0.998243879774
66  0.996202641465
67  0.99718005209
68  0.997168827977
69  0.996020408163
70  1.00212323148
71  0.998229815654
72  0.996300261438
73  0.995315177273
74  0.997338893543
75  1.00147022252
76  1.00933382289
77  1.00293532267
78  1.00613233029
79  1.00468433434
80  1.01457696228
81  1.01602190365
82  1.00852526569
83  1.02259399793
84  1.0377144848
85  1.01749181669
86  1.05897562177
87  1.00117291191
88  0.991546563193
89  1.03703703704
90  1.00673400673
91  1.02782548952
92  1.0214532872
93  1.10052910053
94  1.13324175824
95  1.01928374656
96  1.13360323887
97  1.0011627907
98  1.0756302521
99  1.08482142857
100  1.00250626566
101  0.965517241379
102  0.947368421053
103  1.28395061728
104  1.0
105  1.08035714286
106  1.21212121212
107  1.24444444444
108  0.8
109  0.8
110  0.833333333333
111  1.11111111111
112  1.25
115  2.0
118  1.125
