531  1.05
532  1.42857142857
533  1.63636363636
534  1.11428571429
535  1.21428571429
536  1.275
537  0.825
538  1.04166666667
539  1.15322580645
540  1.03100775194
541  1.17946708464
542  1.07692307692
543  1.09219858156
544  1.03207729469
545  1.01204819277
546  1.06901615272
547  1.02747678019
548  1.01590242396
549  1.0289081386
550  1.03460888559
551  1.00589595752
552  1.02165887275
553  1.00421956
554  1.00325708061
555  1.00127310603
556  0.998503683906
557  0.99542791762
558  0.994886147917
559  0.9959386524
560  0.99599232843
561  0.994255307884
562  0.995521111092
563  0.994667312377
564  0.993193775676
565  0.991378974303
566  0.987659081721
567  0.993279240225
568  0.991548388644
569  0.994725810709
570  0.989659053366
571  0.988488776149
572  0.993224912467
573  0.990235701652
574  0.987891018625
575  0.987798952085
576  0.989031524689
577  0.988203046867
578  0.984765375065
579  0.984995571274
580  0.985521903662
581  0.98611198989
582  0.985852218293
583  0.985085478836
584  0.983215680576
585  0.985723735987
586  0.983837806724
587  0.983732293859
588  0.983696690748
589  0.985182161568
590  0.982090360514
591  0.982225579472
592  0.983302087644
593  0.98028087781
594  0.981200355735
595  0.982949833246
596  0.980984723072
597  0.980957352178
598  0.981462431937
599  0.978749283986
600  0.978438878767
601  0.980101743916
602  0.979875435606
603  0.982772365849
604  0.976316213373
605  0.977508242826
606  0.978440933612
607  0.976157625183
608  0.9751367471
609  0.975935747731
610  0.975712970482
611  0.971250782364
612  0.972853879675
613  0.973664246695
614  0.972883073483
615  0.974049292173
616  0.969947414412
617  0.968909170924
618  0.969550137233
619  0.965819645911
620  0.9665706766
621  0.964382136973
622  0.965190367648
623  0.961671949261
624  0.962186709087
625  0.959223374662
626  0.957140871598
627  0.955696437098
628  0.952782433547
629  0.952166192139
630  0.952142110743
631  0.945072708625
632  0.944775695477
633  0.941392437872
634  0.932480383063
635  0.938727738575
636  0.923967195408
637  0.930076663928
638  0.962750768931
