1  0.916256157635
2  0.927536231884
3  1.04238304678
4  0.992276238074
5  1.04785338537
6  1.03402437094
7  0.971428571429
8  0.943246670894
9  1.04718810601
10  1.0126151821
11  1.01368772879
12  0.991400797607
13  1.02946598856
14  0.992647058824
15  0.998405612245
16  0.9735774337
17  0.97661673365
18  0.987809417458
19  1.00699102989
20  0.988540708778
21  1.01000612933
22  1.00123135477
23  0.988265763975
24  0.990082506876
25  0.977995458391
26  0.990035549424
27  0.992860826841
28  0.986846613463
29  1.00097534058
30  0.989257934177
31  0.994710934227
32  0.99764564248
33  0.99859005628
34  1.00973252722
35  0.994332365196
36  0.988881355932
37  0.990729118395
38  0.994245467971
39  0.998361375996
40  0.9928304775
41  0.999632575542
42  1.02248928423
43  0.994315070427
44  0.993837680743
45  1.00420528351
46  1.00200088248
47  1.00187963341
48  1.00612912115
49  1.00527787884
50  1.00074778817
51  1.00211298982
52  1.00987106524
53  1.00845668834
54  1.00857724789
55  1.00422726377
56  1.00648414082
57  0.992920501129
58  1.01071619679
59  1.00548626468
60  0.991809453373
61  0.999210177181
62  1.00449680622
63  1.00200154238
64  0.99576666832
65  0.997762355768
66  1.00325491028
67  1.00761995639
68  1.00364617314
69  0.998572190114
70  1.00545348837
71  0.999076973857
72  0.998799256027
73  1.00492374753
74  1.00119737465
75  1.00281651086
76  1.00456784103
77  0.997357961405
78  1.00570802413
79  0.999667165859
80  0.998969346244
81  1.00088230491
82  1.00334649824
83  0.994950820848
84  1.00207749532
85  0.998579466395
86  0.995377853983
87  1.00327973749
88  0.999613079541
89  0.996378738039
90  0.999469871216
91  1.00667531551
92  1.00350444668
93  0.998196651153
94  1.00006446035
95  1.00517335562
96  1.00568907673
97  1.00372756016
98  1.00710647095
99  1.00364584485
100  1.0044782524
101  1.00222455917
102  1.00054395448
103  1.01023171024
104  1.00090873456
105  1.00197329755
106  0.997734778444
107  1.00532780244
108  1.00276384383
109  1.00573808049
110  1.00437088851
111  1.0020959037
112  1.00629002066
113  1.00488484353
114  1.00363919825
115  1.007178231
116  1.00793787995
117  1.00376361307
118  1.00248180847
119  0.999486954291
120  0.994770321922
121  0.993237483434
122  0.996709344288
123  1.00487158191
124  1.01238556461
125  1.00690811775
126  1.00635335488
127  0.999411059833
128  1.0029981528
129  0.991549726921
130  1.00518312233
131  1.00338134312
132  0.997095239694
133  1.00464579128
134  0.997067415916
135  0.996658896659
136  0.996939886221
137  1.01349797886
138  1.01051060367
139  0.998149143811
140  1.00031764373
141  1.00303135965
142  1.00055711339
143  0.99680067692
144  1.00249758701
145  0.995956487739
146  0.997871041933
147  0.992531423353
148  0.994014173816
149  1.00813479579
150  1.00167313127
151  1.00401340651
152  0.999970113568
153  0.999214813257
154  1.00605374927
155  1.00647553312
156  1.00817159586
157  0.999207470725
158  1.00486011658
159  0.995737523778
160  1.00313971743
161  1.00870240948
162  1.00099143207
163  0.999019369206
164  0.995104733704
165  1.00359839291
166  0.997363063456
167  0.997496252713
168  0.997305813051
169  1.00542137685
170  1.00137656703
171  0.997168213999
172  1.00064457393
173  0.990957939596
174  0.999300306941
175  0.999275611621
176  1.00351416595
177  1.00591304348
178  1.00848141813
179  1.00318506076
180  1.00059075165
181  1.00127274088
182  1.00918396884
183  0.99588993336
184  1.00793804126
185  0.986705889008
186  1.00586558012
187  0.999423736541
188  0.992853997676
189  1.00009049856
190  1.00125140192
191  1.00335569988
192  1.00553659354
193  0.997383915507
194  0.998670750737
195  0.999164696233
196  1.00281514655
197  1.01165073072
198  0.997552002264
199  0.998045143287
200  1.00143187786
201  0.988156861134
202  1.01165511994
203  0.995463351368
204  0.997638043927
205  1.01131357196
206  1.00161334277
207  1.0051986597
208  1.00593362345
209  0.996867888867
210  0.993464696223
211  1.00642029816
212  1.01598336562
213  1.00703667622
214  0.994585513281
215  0.988369916312
216  1.00732288828
217  1.00574479907
218  1.00252793664
219  1.00520144455
220  1.01009347223
221  1.00938096506
222  0.998773254264
223  0.999251793214
224  1.01092220684
225  1.00730338311
226  1.00781960356
227  0.99852300995
228  1.00914266
229  0.989050977643
230  1.00153042591
231  0.9984228474
232  0.993222073849
233  0.992506732233
234  1.01117461306
235  0.996770751668
236  0.989326260878
237  0.996532757665
238  1.00034834281
239  1.00983509541
240  1.00310283688
241  1.00589946443
242  0.995980264161
243  1.00153248945
244  0.999443329347
245  1.00446134277
246  0.99878113832
247  0.995368157505
248  0.994061151422
249  0.988626456368
250  0.996388169064
251  1.01113529357
252  1.00028607297
253  1.00332660047
254  1.00640622845
255  1.00798998908
256  0.998888575908
257  1.01287421303
258  0.997997363363
259  1.00093267816
260  0.988534328364
261  1.00372185866
262  0.998065839115
263  0.99463705899
264  0.992012535351
265  0.987405222794
266  1.01256566639
267  0.993939393939
268  1.00368001412
269  1.01305175324
270  1.00762199439
271  1.00397434022
272  1.00444191862
273  1.00089263851
274  0.99968226146
275  1.01073551466
276  0.998948597266
277  0.99365311235
278  1.00403609262
279  1.00548494153
280  0.998564573021
281  1.001411825
282  1.0082889776
283  1.00533856875
284  0.986070479616
285  0.98486080107
286  0.999779921505
287  1.00663470757
288  0.991438020527
289  1.00870705042
290  0.990191152498
291  0.986368231433
292  1.01001944071
293  0.998671264561
294  0.984208530152
295  0.999312969314
296  0.988160663881
297  0.992807692308
298  0.990789544372
299  0.994216108615
300  1.02150849325
301  0.998088587754
302  0.999668080516
303  1.01674977624
304  0.991941889632
305  1.00106056102
306  0.997563428889
307  1.00111239558
308  0.994260983238
309  1.00203500754
310  1.00041010928
311  0.994157303371
312  0.988441613031
313  1.00103429044
314  0.996112208953
315  1.01105919231
316  0.981134259259
317  0.99310923105
318  0.992293746124
319  1.00297388064
320  0.9915076062
321  0.990352169083
322  0.997585910355
323  1.00021008403
324  0.99821227111
325  0.993882627678
326  0.996847911742
327  0.994650745932
328  0.996270516627
329  0.967153451289
330  0.99397483608
331  0.980088117764
332  0.995069353107
333  1.00709377705
334  1.00843508312
335  0.984641943942
336  1.00115096423
337  1.00520718739
338  1.00361572015
339  1.00869400869
340  0.999113475177
341  0.991126389377
342  1.00666622665
343  0.996717568146
344  1.01409028728
345  0.991220924971
346  1.01081571995
347  1.00116130531
348  0.988660881134
349  0.990805320089
350  1.00541544175
351  1.00181583517
352  0.988953369744
353  0.999094406811
354  0.999083073538
355  0.99645524515
356  0.982041373039
357  0.979950663307
358  0.99617782252
359  0.987626122047
360  1.01932533862
361  0.998208116331
362  0.992202729045
363  0.987427704231
364  0.997145011851
365  1.00518223022
366  0.976608608609
367  0.989637944168
368  0.998633098463
369  1.00310644823
370  1.00570862894
371  0.987962916739
372  0.975363064736
373  0.986346566524
374  0.999014422287
375  0.994407251379
376  1.00491268969
377  0.992423233803
378  1.01077840161
379  0.983710577939
380  0.993692408951
381  0.984613577637
382  0.984303797468
383  1.00661958398
384  1.00875628192
385  0.984316512675
386  0.996448354513
387  0.989748841443
388  0.995880645437
389  1.00921052632
390  1.00395168921
391  0.985822279275
392  0.997314936332
393  0.990843721771
394  0.993165390396
395  1.00560041473
396  0.979183153082
397  0.97943912657
398  0.992939128543
399  0.996215682402
400  1.00365105259
401  0.988353846046
402  0.990707625871
403  1.00178571429
404  0.979646224813
405  0.991754802504
406  0.988497931894
407  0.986465444963
408  0.986244356659
409  0.977443348302
410  0.994217317745
411  0.99849429619
412  0.984972271737
413  0.99204279985
414  0.991766211604
415  0.996533002473
416  0.996247601043
417  0.990481906324
418  0.985796117383
419  0.970032250062
420  0.979242979243
421  0.997639396991
422  0.98596439022
423  0.995402651517
424  0.991641634459
425  0.994074074074
426  1.01327710605
427  0.99526946701
428  0.984431384679
429  0.999509769592
430  1.00142966069
431  1.00153131816
432  0.999555990985
433  0.999730231149
434  0.99720028715
435  1.00834142308
436  1.00506992033
437  0.998056197687
438  0.976461038961
439  0.992445955793
440  1.0069008127
441  1.02562647754
442  1.00799519964
443  0.990042674253
444  0.999835092348
445  0.989724026532
446  1.00121259212
447  0.99591152815
448  0.984777097216
449  0.980062386842
450  0.981451160704
451  1.00093768798
452  0.99687512849
453  0.989037958115
454  0.998287117833
455  0.995657707569
456  1.01570391414
457  1.00327647181
458  1.00082712986
459  1.02468798288
460  1.00126738187
461  0.998796954679
462  0.979551232453
463  0.976584126025
464  0.986999339133
465  0.992092920463
466  0.985467231312
467  1.01621621622
468  0.999925244823
469  0.987910236178
470  1.018483272
471  1.00556549257
472  0.966120218579
473  1.00314856441
474  0.96464215671
475  0.993698227487
476  0.995754998819
477  1.0061596881
478  0.976613642315
479  0.982629310345
480  0.999630532772
481  0.992716482331
482  1.00769956459
483  0.984728804634
484  0.987592497856
485  0.991501831502
486  0.961654432078
487  1.01581395349
488  1.00321035979
489  1.00067510549
490  0.987179487179
491  0.984296992689
492  0.971934787464
493  0.998266851298
494  1.01022439377
495  0.975819895217
496  0.98140300222
497  0.980209111277
498  1.00086195638
499  0.994935254804
500  0.99243264695
501  0.98969463716
502  0.984312367002
503  0.987761658718
504  0.987276286353
505  0.977602647122
506  0.984108605182
507  0.986380223471
508  0.98966442953
509  0.980719421583
510  0.975562128478
511  0.969102435769
512  0.994673249318
513  1.00503007108
514  0.97495892866
515  0.974330211079
516  1.00982057312
517  0.997380538218
518  0.997392574051
519  0.991695205479
520  1.00187886826
521  0.971880100153
522  0.96960855547
523  1.00216162288
524  0.985686188811
525  0.970347648262
526  0.983305073692
527  0.999404170804
528  0.998027613412
529  0.96785034166
530  0.983955342903
531  0.979708893549
532  1.00544950739
533  0.986179265434
534  0.973432741783
535  0.968644030475
536  1.00825321195
537  0.995373134328
538  0.995376163407
539  0.999339899137
540  0.98791691864
541  0.981545661898
542  1.01038784112
543  0.992215879606
544  0.982184553066
545  1.00331552569
546  0.977196106363
547  0.979069459173
548  1.00613071756
549  0.984008886822
550  0.953841812465
551  0.963852813853
552  0.999782107152
553  0.983890642939
554  0.958944281525
555  0.993259432844
556  1.02060550247
557  0.989723699468
558  1.00103081232
559  1.00155894943
560  0.988518518519
561  0.983850931677
562  0.966582917844
563  0.973253757737
564  0.987306587603
565  0.997390572391
566  0.982381959126
567  0.993266484943
568  0.972778519507
569  0.980018587361
570  0.992234276858
571  0.974445262383
572  0.990151434925
573  1.01375643514
574  0.978487530169
575  0.991861979167
576  0.98062804069
577  0.981985980876
578  0.990860215054
579  0.963321596244
580  0.963466440102
581  0.983829787234
582  0.985262891009
583  0.974313417884
584  1.00090592334
585  0.969709021011
586  0.98089403372
587  0.96526988358
588  0.974842767296
589  0.980692055692
590  0.970622240908
591  0.972053070936
592  0.979746737405
593  0.972358954941
594  0.984690779773
595  0.975343135543
596  1.00207978824
597  0.983193277311
598  0.989030865278
599  0.965842490842
600  0.968657522411
601  0.979009030998
602  0.981072984749
603  0.996464895823
604  0.971339062698
605  1.00956181027
606  0.988947160661
607  0.953387755102
608  0.993919683258
609  0.974168076706
610  0.975784821125
611  0.956469729532
612  0.997798497798
613  0.962064676617
614  0.996389891697
615  0.993596713785
616  0.981894862401
617  0.992558139535
618  0.986250458027
619  1.02218844985
620  0.980694820054
621  0.982957913456
622  0.974103743655
623  1.00533333333
624  0.984419089682
625  0.961879030061
626  0.975564643745
627  0.983668341709
628  0.990877634476
629  0.995515042789
630  0.985685071575
631  0.996956366055
632  0.988650693569
633  1.01961043423
634  0.991537494763
635  0.988811188811
636  0.965267690392
637  0.963333333333
638  1.00939833114
