1  0.88222947898
2  0.904651013782
3  0.906601792574
4  0.906610449004
5  0.940306862635
6  0.946003066647
7  0.951236211123
8  0.966099093296
9  0.987278835819
10  0.987618603896
11  0.987281251764
12  0.998019463464
13  0.991219176905
14  0.992479172889
15  0.997313771195
16  0.994456463445
17  0.992122653612
18  0.993914484778
19  0.997755232207
20  0.991016496535
21  0.98791137689
22  0.988209801953
23  0.988196891992
24  0.989760293272
25  0.987067122672
26  0.998663534137
27  0.990461404758
28  0.983289533604
29  0.989577137077
30  0.992851516532
31  0.991040369859
32  0.99226502016
33  0.98517451093
34  0.987993809345
35  0.992924494902
36  0.987389171196
37  0.990582986278
38  0.990565408805
39  0.996167389411
40  0.994583163122
41  0.993782795482
42  0.989984072505
43  0.990206847255
44  0.99424255443
45  0.995497040168
46  0.998269588108
47  0.989890335731
48  0.995069463378
49  0.990716998862
50  0.99255045636
51  0.994571948255
52  0.989787352691
53  0.983025035422
54  0.980461230471
55  0.974726598018
56  0.959771607026
57  0.943388673025
58  0.931114710316
59  0.900956100037
60  0.854792598061
61  0.789145053465
62  0.71987973861
63  0.642545645816
64  0.542368638788
65  0.45285031706
66  0.388355447984
67  0.376068345177
68  0.400239383293
69  0.473258935242
70  0.556995701628
71  0.635200829783
72  0.709124953762
73  0.797830772081
74  0.855858022705
75  0.883897814581
76  0.93592926785
77  0.94521857597
78  0.962934194841
79  0.972598237324
80  0.984677113343
81  0.983336264549
82  0.991615100279
83  0.993652373128
84  0.996638538092
85  0.993248093678
86  1.00179078132
87  0.995148654028
88  0.989853302489
89  0.993444708685
90  1.00364738202
91  0.993139103452
92  0.995498116987
93  0.991596145439
94  0.995566325645
95  0.999742717359
96  0.997367751061
97  0.992837372436
98  1.00549066718
99  0.995460553016
100  1.00401216435
101  0.997723978615
102  1.00090870846
103  0.993166891697
104  0.994608509441
105  1.0002238153
106  0.996762326039
107  1.0027997953
108  1.00203706696
109  0.992932816828
110  0.995518936139
111  1.00132632108
112  0.993567228917
113  1.00270509825
114  1.00093993917
115  1.00213152561
116  0.9983184154
117  1.01020601745
118  1.00481968036
119  1.00531234353
120  0.999650287483
121  1.00301645711
122  1.00425006486
123  0.998610810987
124  1.00198398429
125  1.00253878915
126  1.00496603641
127  1.00716975226
128  1.00918567827
129  0.998832929247
130  1.00569067879
131  1.0012518311
132  1.00709169988
133  1.00246180912
134  1.00422035321
135  1.00153790512
136  1.00132004108
137  1.00783660511
138  1.00373779753
139  1.00104630318
140  0.997822225195
141  0.997852333466
142  1.00215873233
143  1.00490230293
144  0.998619624656
145  1.00663457742
146  0.995891147317
147  1.00531137243
148  1.00086890105
149  0.992529733205
150  0.999824942565
151  1.00267294808
152  0.997599465182
153  1.00843532196
154  1.00360713501
155  1.0007249922
156  1.00093031123
157  1.00647642747
158  1.00134329153
159  1.00748118012
160  1.00117969452
161  0.999661413758
162  1.00166168007
163  1.00379431803
164  1.00071733062
165  1.00040694894
166  1.00386081815
167  1.00422050036
168  0.997362450305
169  0.98968211527
170  0.996663101354
171  0.98180668428
172  0.981368822362
173  0.958585037937
174  0.934188235435
175  0.891433324193
176  0.836429891032
177  0.745963367764
178  0.657401954523
179  0.519662973102
180  0.414988719844
181  0.306316734576
182  0.242949229425
183  0.188695881908
184  0.175731697609
185  0.170858198651
186  0.203032193431
187  0.275252146393
188  0.363083616784
189  0.48340537865
190  0.590888182302
191  0.70884091565
192  0.795510496375
193  0.863760993072
194  0.911080959677
195  0.944770725096
196  0.964547657782
197  0.978619212231
198  0.988077737299
199  0.997477962857
200  1.00373711827
201  0.996501760404
202  0.998638935498
203  0.994732237963
204  1.00000625938
205  1.00868645555
206  1.00258349867
207  1.0018363506
208  0.997703886385
209  1.00289558849
210  1.00726602339
211  1.0010217205
212  1.00760392412
213  1.00399079478
214  0.993680212851
215  0.993336235905
216  1.00493025439
217  1.00309326792
218  1.00121993921
219  1.00902417404
220  0.999014095059
221  0.998835670032
222  1.00341443019
223  1.00409987755
224  0.999580915332
225  0.999351346409
226  1.00461743053
227  1.00860972557
228  1.01155020525
229  0.996584922717
230  0.996863755713
231  0.995698588122
232  1.00056165635
233  1.00365375568
234  1.00705780779
235  1.00145293654
236  1.01021217491
237  1.00163770921
238  1.00157064127
239  1.00345846271
240  0.999358012618
241  1.00291905526
242  1.00339328487
243  1.00623618131
244  1.0103785689
245  1.00709541409
246  0.995362982893
247  0.999794785985
248  1.00210355146
249  0.997149854941
250  0.993739036949
251  0.985302430752
252  0.985034142133
253  0.973752529381
254  0.954592858807
255  0.96216024236
256  0.954429691917
257  0.959988864143
258  0.96414271441
259  0.978123309721
260  0.978073045401
261  0.980020320255
262  0.992370667788
263  1.00057619005
264  0.998933161372
265  1.00781155311
266  1.00893174107
267  1.00745404029
268  0.998157479634
269  1.0067045839
270  1.00427866005
271  1.01298251666
272  0.999789993072
273  0.997125311915
274  1.00440965128
275  0.995704548207
276  1.00229229225
277  1.00057651656
278  1.00356589084
279  1.0018748008
280  1.00146861645
281  0.999223311731
282  1.00321531768
283  1.0047843871
284  1.00961460071
285  1.00195020111
286  0.999826210763
287  0.998168559189
288  1.00550037651
289  0.99583648473
290  0.992936018029
291  0.998499330143
292  1.00552273989
293  1.0032599204
294  1.0102806983
295  1.00498583569
296  1.00054128963
297  1.01889848812
298  1.00736266797
299  1.00031383476
300  0.994942142892
301  0.995014684198
302  0.990603489768
303  0.97911415621
304  0.972506738544
305  0.967484008529
306  0.945128580317
307  0.905864585955
308  0.861377461594
309  0.796724259373
310  0.705722867137
311  0.594773955485
312  0.484083593998
313  0.38432814385
314  0.307860612337
315  0.233828277074
316  0.171040027369
317  0.158139381175
318  0.163610684375
319  0.173460955094
320  0.23869197496
321  0.323795245682
322  0.409103347624
323  0.535995986992
324  0.620199636205
325  0.739806364538
326  0.82206416991
327  0.872842049644
328  0.922783303328
329  0.953368998259
330  0.9616114511
331  0.986862637244
332  0.98655798991
333  0.992762515711
334  0.999114618121
335  0.998411408305
336  0.996525863474
337  1.01377110575
338  0.996069354835
339  1.00088528036
340  1.00772278258
341  1.00807682325
342  1.00927972416
343  0.997595646855
344  1.0027124435
345  1.00058666667
346  1.001946958
347  0.997272775663
348  1.01527596859
349  0.987797232845
350  0.998503386498
351  0.997551701499
352  1.00874242881
353  1.00116435289
354  0.997269567584
355  1.01183747942
356  0.997819768932
357  1.01123868613
358  1.00245179984
359  1.01109106831
360  0.991146936221
361  1.01708756906
362  1.00233064255
363  0.999115432615
364  1.00615553013
365  1.0090379902
366  1.01264126582
367  1.00262853343
368  1.02425061156
369  0.994050119488
370  0.999624459257
371  0.99893776456
372  1.00457959694
373  1.0123339898
374  1.01042031227
375  0.994510248531
376  1.00079016013
377  0.999894752549
378  0.992415402567
379  0.999562268929
380  0.990456096999
381  1.0012447533
382  1.00523442337
383  1.00560960564
384  0.997462558506
385  1.00323259331
386  0.998528305496
387  1.00878064828
388  0.998847109176
389  0.994330866503
390  1.00076323824
391  1.00017388184
392  1.00522843272
393  0.996342510595
394  1.0064588104
395  1.00910355389
396  0.99848320565
397  1.00982502695
398  0.996531330985
399  1.00125988473
400  1.01199592102
401  0.995170506912
402  0.995574526358
403  0.989293981481
404  1.00448029639
405  1.01038102267
406  1.01790196856
407  0.993666293958
408  1.01106720975
409  1.01183022456
410  1.01032232631
411  1.00040269031
412  0.987770199298
413  0.999139737204
414  1.00454320666
415  0.997562116282
416  1.01449110945
417  0.994187772856
418  0.985790103208
419  0.998597953125
420  1.00626994984
421  1.00207083643
422  1.01728414295
423  1.0078932053
424  0.995799142242
425  1.00543880176
426  1.01466944197
427  1.01164483261
428  0.99342745001
429  1.00265839996
430  0.997171914182
431  1.00561111682
432  0.996436198758
433  0.999824690124
434  0.982966445245
435  1.00397140759
436  0.99412724231
437  0.982366354086
438  0.967587061772
439  0.957562360387
440  0.923042746677
441  0.867991085849
442  0.824495607436
443  0.792749623076
444  0.700184396103
445  0.603984036948
446  0.464929248185
447  0.399045911492
448  0.374862226421
449  0.331378269259
450  0.322449848995
451  0.353143705169
452  0.427181520445
453  0.51901961946
454  0.623663578047
455  0.709677419355
456  0.790244999438
457  0.845110584861
458  0.870036434926
459  0.929634253323
460  0.948756302521
461  0.964416574975
462  0.968741713687
463  0.983449426704
464  0.993956043956
465  0.998218914653
466  1.01331817498
467  0.989552640212
468  0.999025957911
469  1.00128587119
470  1.00171489961
471  1.00149288011
472  0.998967429409
473  0.997514756135
474  1.00002314172
475  1.00269637361
476  0.995334647391
477  0.993571580904
478  0.99691385888
479  0.997153330471
480  0.995180319893
481  1.00359230231
482  0.998938401048
483  0.990561510158
484  0.993549651995
485  1.00737469451
486  1.00355255432
487  0.998705913769
488  1.01356013381
489  1.01660508319
490  0.998466438599
491  1.02752250563
492  0.996060863521
493  1.00635446995
494  1.00095101095
495  1.00318766229
496  0.987571985095
497  1.0123373102
498  0.9837445234
499  1.00974712284
500  1.00711564459
501  1.01222984911
502  0.992371060483
503  0.998967726524
504  0.977467173087
505  0.977855731404
506  0.993415573191
507  0.988501878722
508  0.956963086484
509  0.979637822539
510  0.943344469844
511  0.914016699236
512  0.913374033671
513  0.945023437426
514  0.903713255486
515  0.931678256633
516  0.929177169279
517  0.942978701099
518  0.955669350336
519  0.974344878138
520  0.994259302372
521  0.987518806649
522  1.00187896919
523  1.00653136808
524  0.985973143348
525  1.00558403354
526  0.991399219559
527  1.01840111334
528  1.00308544304
529  1.0031173907
530  1.00109340831
531  1.00230801629
532  1.00741231843
533  0.985040550671
534  0.990334632878
535  0.992187319418
536  1.01569188683
537  1.01359771421
538  1.03310991957
539  1.01488978284
540  0.993274799178
541  0.995195498102
542  0.995817362166
543  1.00403508772
544  1.00233574737
545  1.00520147897
546  0.993048659384
547  0.98923670669
548  0.989132448287
549  0.996771416272
550  0.991102394072
551  1.00167770675
552  0.985414039512
553  1.00432389937
554  1.0008970009
555  1.00274268617
556  1.01814820082
557  1.01125092524
558  0.988510614273
559  0.990825940444
560  0.969532282924
561  0.995224930887
562  1.02207332681
563  1.02983145765
564  1.00249868766
565  1.0106581614
566  1.00220204476
567  0.983706495234
568  0.98877879336
569  0.999564519202
570  1.00719656111
571  0.992939666239
572  1.01879469737
573  0.992514430014
574  0.996731244519
575  1.01366610431
576  1.0056464044
577  0.998968586558
578  1.01839762611
579  1.0056962772
580  0.994143596631
581  1.0174310374
582  1.00102564103
583  1.01598685193
584  1.00025431919
585  0.990690032859
586  1.00282970644
587  0.99369651625
588  1.02199439097
589  1.01132790166
590  0.98808928406
591  1.01603460374
592  0.994198174707
593  1.00333640129
594  1.00273714016
595  0.993627335992
596  1.00285164571
597  1.00190184316
598  0.998217468806
599  0.987876597241
600  1.00837106206
601  1.01267348037
602  1.01862062102
603  1.01255185731
604  1.00120889749
605  1.00084127181
606  1.00855890202
607  1.00696049658
608  0.971216641135
609  0.990035769034
610  0.996595779587
611  0.999800813151
612  1.00302732777
613  1.00797729164
614  1.01437573346
615  0.994570361146
616  1.02289694985
617  1.00773686871
618  1.01641127935
619  0.996496857869
620  1.01368152143
621  1.00010122482
622  1.00348998888
623  1.00151485725
624  1.01077413101
625  0.996842508133
626  0.989928525016
627  1.00572489556
628  0.984433897477
629  0.988503541913
630  0.996388093162
631  1.00243172465
632  0.976317262563
633  0.992607430724
634  0.981568840277
635  0.96484375
636  0.954895735278
637  1.03694701021
638  0.987750606851
