-0.0727915789474 -0.0695578947368  0.0
-0.0695578947368 -0.0663242105263  0.0
-0.0663242105263 -0.0630905263158  0.0
-0.0630905263158 -0.0598568421053  0.000428828725807
-0.0598568421053 -0.0566231578947  0.00135177675314
-0.0566231578947 -0.0533894736842  0.0179817175848
-0.0533894736842 -0.0501557894737  0.0392229417206
-0.0501557894737 -0.0469221052632  0.0461627236007
-0.0469221052632 -0.0436884210526  0.053378184568
-0.0436884210526 -0.0404547368421  0.0690165244148
-0.0404547368421 -0.0372210526316  0.0865980715719
-0.0372210526316 -0.0339873684211  0.0972471315283
-0.0339873684211 -0.0307536842105  0.112349525135
-0.0307536842105 -0.02752  0.137724550898
-0.02752 -0.0242863157895  0.163716922474
-0.0242863157895 -0.0210526315789  0.188138328778
-0.0210526315789 -0.0178189473684  0.237288579016
-0.0178189473684 -0.0145852631579  0.189209274673
-0.0145852631579 -0.0113515789474  0.148648648649
-0.0113515789474 -0.00811789473684  0.136363636364
-0.00811789473684 -0.00488421052632  0.0
-0.00488421052632 -0.00165052631579  0.125
-0.00165052631579 0.00158315789474  0.0
0.00158315789474 0.00481684210526  0.0
0.00158315789474 0.00481684210526  0.0
0.00481684210526 0.00805052631579  0.2
0.00805052631579 0.0112842105263  0.1875
0.0112842105263 0.0145178947368  0.211453744493
0.0145178947368 0.0177515789474  0.333180568286
0.0177515789474 0.0209852631579  0.251712151329
0.0209852631579 0.0242189473684  0.166354389096
0.0242189473684 0.0274526315789  0.146308130582
0.0274526315789 0.0306863157895  0.101820161075
0.0306863157895 0.03392  0.0878827279361
0.03392 0.0371536842105  0.0813287786995
0.0371536842105 0.0403873684211  0.0578369686801
0.0403873684211 0.0436210526316  0.0546596249012
0.0436210526316 0.0468547368421  0.0470656209745
0.0468547368421 0.0500884210526  0.0359054439718
0.0500884210526 0.0533221052632  0.0324531449574
0.0533221052632 0.0565557894737  0.0277880468269
0.0565557894737 0.0597894736842  0.00741439486841
0.0597894736842 0.0630231578947  0.00133314817386
0.0630231578947 0.0662568421053  0.00131564521434
0.0662568421053 0.0694905263158  0.000957068635494
0.0694905263158 0.0727242105263  0.0
0.0727242105263 0.0759578947368  0.0
0.0759578947368 0.0791915789474  0.0
