3  0.8942769832778765
4  0.836278531256385
5  0.8350909851832293
6  0.8605779813054225
7  0.8803724092431862
8  0.8867326432067056
9  0.8946288971766378
10  0.8991239910686604
11  0.9046486613705718
12  0.9109413572574825
13  0.9129667008803496
14  0.9195865263473505
15  0.9205568314224457
16  0.9255121026879735
17  0.9307565983738335
18  0.9367286924673255
19  0.9389990625117295
20  0.9428337857119494
21  0.95010073363072
22  0.9534448130843675
23  0.9554117080445786
24  0.9560305719326558
25  0.9594746621923952
26  0.9613339896081387
27  0.9628029477940463
28  0.9650966571491315
29  0.9687019935432998
30  0.9678354556602968
31  0.9680928297607364
32  0.9695918411345124
33  0.9723119607388656
34  0.9741175633803041
35  0.9785498747000718
36  0.9772320316162347
37  0.9796265468453175
38  0.9796312926999805
39  0.976184666214028
40  0.978623493162627
41  0.9824421045781367
42  0.9813617046532364
43  0.9850004061625073
44  0.9820487975177726
45  0.9840419996875496
46  0.9854831551567428
47  0.9860568917437216
48  0.9843223980551891
49  0.9870762697842511
50  0.9891252033059239
51  0.9832028418109707
52  0.9853082177478598
53  0.9874230638716113
54  0.991417185925383
55  0.9886844593736501
56  0.9897854395067018
57  0.9894155323130074
58  0.9918164376281591
59  0.9911761721547945
60  0.9943149986412827
61  0.9933937847805943
62  0.9920283167116594
63  0.9934664981835931
64  0.9901766868900442
65  0.9927433767082458
66  0.9925138347403215
67  0.9964995888420203
68  0.99668839853508
69  1.0
70  0.9971267801678285
71  0.9975347044641426
72  0.994815025846688
73  0.9941831055074817
74  0.9933953434629383
75  0.9947429195497771
76  0.9978077278667148
77  0.9954044467078789
78  0.9960160126139104
79  0.9972779313442738
80  0.9958603270660321
81  0.9996118812737779
82  1.0
83  0.999909727618381
84  0.9966900565069429
85  0.9981775613760167
86  0.9932152776028712
87  0.9951107044323365
88  1.0
89  0.9843148860609647
