3  0.9271972840437571
4  0.9399328859060403
5  0.951353577113548
6  0.9587400991470033
7  0.9567499546372495
8  0.9670727791471816
9  0.972047678465351
10  0.9791487748122051
11  0.9806571068491122
12  0.9817738535395547
13  0.9820820287080123
14  0.9823563041939235
15  0.9845782845094606
16  0.9858955259314366
17  0.9883368002813684
18  0.988965784641656
19  0.9922877451141422
20  0.991324490059013
21  0.9944644418602077
22  0.9928142660251338
23  0.9916755719429359
24  0.9939177744030221
25  0.9951715008218266
26  0.9968690267649516
27  0.9947637491528114
28  0.9955753554836893
29  0.9942502583112511
30  0.9990576419361649
31  0.9971205983260253
32  0.9960650978615563
33  0.999574539329034
34  0.9995893147962058
35  0.9971658675042715
36  1.0
37  0.9996476378104574
38  0.9994566017840105
39  0.9973896659126629
40  1.0
41  1.0
42  1.0
43  1.0
44  1.0
45  1.0
46  1.0
47  1.0
48  0.999348155090252
49  1.0
50  1.0
51  1.0
52  1.0
53  1.0
54  1.0
55  0.9998214833554441
56  1.0
57  1.0
58  0.9998117906426064
59  1.0
60  0.9989387802251438
61  0.9995670419454931
62  0.9999465324277085
63  1.0
64  0.9989120606068987
65  0.9989713102380994
66  1.0
67  0.9994703202534185
68  0.9996622662137487
69  1.0
70  0.9986219550272496
71  1.0
72  1.0
73  1.0
74  0.9983502511324818
75  1.0
76  1.0
77  1.0
78  1.0
79  1.0
80  1.0
81  1.0
82  0.9995444370589521
83  0.9993518211631823
84  1.0
85  1.0
86  1.0
87  0.9997962464477834
88  1.0
89  1.0
90  0.9992249190577975
91  1.0
92  1.0
93  1.0
94  1.0
95  1.0
96  0.9998044784902208
97  1.0
98  1.0
99  1.0
100  0.9996752762573443
101  0.999245101698819
102  1.0
103  1.0
104  0.9999213170318364
105  1.0
106  1.0
107  1.0
108  1.0
109  1.0
110  1.0
111  1.0
112  1.0
113  1.0
114  0.999377748646459
115  0.9981844490553675
116  1.0
117  0.9992927696375089
118  1.0
119  1.0
120  1.0
121  1.0
122  1.0
123  1.0
124  1.0
125  0.9995224074596858
126  1.0
127  0.999435975989751
128  0.9995187177548559
129  0.9971727242290094
130  1.0
131  1.0
132  1.0
133  1.0
134  0.9994805135426311
135  0.9975662920872749
136  0.999385496987585
137  1.0
138  1.0
139  1.0
140  0.9998579250630704
141  1.0
142  0.9976024689468718
143  1.0
144  1.0
145  1.0
146  1.0
147  1.0
148  0.997779279714203
149  1.0
150  0.9982146682853674
151  1.0
152  0.9978811832776465
153  0.9977451068819337
154  0.9985400698680849
155  0.9975398240974229
156  1.0
157  0.9968444926535844
158  0.9969953564599836
159  0.9951310861423222
