77  1.0
78  1.0
79  1.0
87  0.9818181818181818
88  0.9672766749379652
90  1.0
91  0.966183574879227
92  0.9974557105163965
93  1.0
94  0.9636803874092009
95  1.0
96  1.0
97  1.0
98  1.0
99  0.9904474610356964
100  0.97
101  0.9689737470167065
102  1.0
103  1.0
104  1.0
105  1.0
106  0.9611872146118722
108  0.9936651583710407
109  1.0
110  1.0
111  1.0
112  0.9681093394077449
113  1.0
114  1.0
115  0.9579439252336449
116  0.997962510187449
117  1.0
118  1.0
119  0.9819584941078319
120  1.0
121  0.9915483434753212
122  1.0
123  0.9924603174603175
124  0.9933481152993348
125  1.0
126  1.0
127  1.0
128  1.0
129  1.0
130  1.0
131  1.0
132  1.0
133  1.0
134  1.0
135  0.9847659402744149
136  0.9841269841269842
137  0.9954229381216443
138  1.0
139  0.9882305194805195
140  0.9761431411530815
141  0.9733333333333334
142  1.0
143  0.9639830508474576
144  0.9880782069623271
145  0.9670103092783505
146  0.9962940824865512
147  1.0
148  1.0
149  0.9875868917576962
150  1.0
151  0.9964230965763925
152  0.9621928166351607
153  1.0
154  1.0
155  1.0
156  0.969939879759519
157  1.0
158  0.9525483304042179
159  1.0
160  0.9948972426384532
161  1.0
162  0.9884581105169341
163  0.9697986577181208
164  0.9759704251386322
165  0.9891725105189341
166  0.9916374269005848
167  0.9782951640102269
168  0.984
169  0.9881077634305755
170  1.0
171  1.0
172  0.9918979744936234
173  0.9696428571428571
174  0.9727819356489478
175  1.0
176  1.0
177  0.99118988752307
178  0.9828652181593359
179  0.9997685185185186
180  0.9640610254797105
181  0.9593220338983051
182  1.0
183  0.9530434782608695
184  1.0
185  0.9576988155668359
186  0.9774871832974218
187  1.0
188  0.9824160609207339
189  0.9710391822827938
190  0.9602763385146805
191  1.0
192  0.9817705265637885
193  0.9896017960534089
194  0.9877272727272728
195  0.9865229110512129
196  1.0
197  1.0
198  1.0
199  0.9756545705098759
200  1.0
201  1.0
202  1.0
203  1.0
204  0.9848636728147554
205  0.9919885864793679
206  0.9580838323353293
207  0.9644177979923276
208  1.0
209  0.9645608628659477
210  0.9941176470588236
211  0.9646069968196275
212  1.0
213  0.9980130057803469
214  0.9974481658692185
215  0.9766122448979592
216  0.9956204704103864
217  1.0
218  1.0
219  0.9978368924889544
220  0.9845466434176112
221  0.9801544540229884
222  0.9888084265964451
223  1.0
224  1.0
225  1.0
226  1.0
227  0.9913247946986836
228  1.0
229  0.9976649658393151
230  1.0
231  1.0
232  1.0
233  1.0
234  0.9902060114826072
235  0.9808184143222507
236  0.967989756722151
237  0.9824513190954773
238  1.0
239  1.0
240  0.9647058823529412
241  1.0
242  1.0
243  1.0
244  0.9859469817949538
245  1.0
246  1.0
247  0.9795932401533515
248  0.9858516866462225
249  1.0
250  0.9962835906232133
251  0.9969942196531791
252  0.9691489361702128
253  1.0
254  0.9939135835329607
255  1.0
256  0.9996194824961947
257  1.0
258  1.0
259  1.0
260  0.9984679867032807
261  1.0
262  0.9846723044397463
263  0.9976679104477613
264  0.9901105293775451
265  1.0
266  1.0
267  1.0
268  0.9687836383207751
269  1.0
270  0.9825491495471614
271  1.0
272  0.9917137092203405
273  0.9909638554216867
274  1.0
275  1.0
276  1.0
277  0.9819640676783533
278  1.0
279  0.9799866480900964
280  1.0
281  1.0
282  0.987364090508375
283  1.0
284  1.0
285  1.0
286  0.9772565445026178
287  0.9930672268907562
288  1.0
289  0.9841495258600943
290  1.0
291  1.0
292  1.0
293  1.0
294  0.95635305528613
295  1.0
296  1.0
297  1.0
298  1.0
299  1.0
300  0.9923559323895399
301  0.9921353755649616
302  0.9866898660139393
303  0.9787878787878788
304  1.0
305  0.9893029675638372
306  0.9799033228028775
307  1.0
308  0.9776724036998009
309  1.0
310  1.0
311  0.9879615972301958
312  0.9936941229225638
313  0.9667802385008518
314  0.9911184210526316
315  1.0
316  1.0
317  1.0
318  1.0
319  1.0
320  0.9968181818181818
321  0.9965575192453648
322  0.9937753400874018
323  1.0
324  1.0
325  0.9902126745435016
326  1.0
327  0.9822526146419953
328  0.9676348547717842
329  0.9853408964520076
330  0.9683429915657812
331  0.9909630692940102
332  0.9877155728432793
333  1.0
334  1.0
335  1.0
336  1.0
337  1.0
338  1.0
339  1.0
340  1.0
341  0.9824602561271805
342  1.0
343  0.983172216254923
344  1.0
345  1.0
346  0.9671504965622613
347  0.9990664326524515
348  1.0
349  0.9964678555660069
350  1.0
351  0.9677914110429447
352  0.9879652538726335
353  1.0
354  1.0
355  1.0
356  0.9830842214319037
357  1.0
358  1.0
359  1.0
360  1.0
361  1.0
362  0.9848812095032397
363  1.0
364  1.0
365  0.980853245363766
366  0.9973931535981341
367  0.9896800825593395
368  1.0
369  0.9894894224761225
370  1.0
371  1.0
372  0.9693357825742078
373  1.0
374  0.9805820215410108
375  0.9710334442859406
376  0.9932124361246365
377  0.981823454075345
378  0.9795682494906756
379  1.0
380  0.972939620108202
381  0.9948116399729303
382  1.0
383  1.0
384  1.0
385  1.0
386  0.9877470355731226
387  0.999345977763244
388  0.9888362652232746
389  0.9983597846928639
390  0.9949507082354615
391  1.0
392  1.0
393  0.9797963826740805
394  0.9943592365371505
395  0.9910820499630261
396  0.9904285611734585
397  0.9890118453865336
398  1.0
399  0.9916023836924445
400  1.0
401  1.0
402  1.0
403  0.9841467655923951
404  1.0
405  1.0
406  1.0
407  1.0
408  0.9909738777101954
409  1.0
410  0.9920506539723623
411  0.9769138666467111
412  1.0
413  1.0
414  1.0
415  0.9952899617309391
416  1.0
417  1.0
418  0.9895887819663086
419  0.994911452484733
420  1.0
421  0.9800715912788807
422  1.0
423  1.0
424  1.0
425  0.992412220163713
426  1.0
427  0.9878884655610339
428  1.0
429  0.9691727622351256
430  1.0
431  0.9958322755352458
432  1.0
433  1.0
434  1.0
435  0.9913231163967962
436  1.0
437  1.0
438  0.9882511642845672
439  0.9905856200683077
440  0.9921422663358146
441  1.0
442  0.9832374002124232
443  1.0
444  0.977967167201834
445  0.9874917210710569
446  1.0
447  1.0
448  0.9926716284696354
449  1.0
450  0.9980765789944535
451  0.9887761018212606
452  1.0
453  0.9872916121148643
454  1.0
455  1.0
456  1.0
457  0.9917016435281275
458  0.9902495672560749
459  1.0
460  0.9987214372356817
461  0.9983066897791475
462  0.9862382148867016
463  1.0
464  0.981114166012045
465  1.0
466  1.0
467  1.0
468  1.0
469  0.99873864855202
470  0.994199637592619
471  0.990909090909091
472  1.0
473  1.0
474  0.9995749257400389
475  0.9937448117012944
476  1.0
477  1.0
478  0.9944299971407954
479  0.9947488011598081
480  1.0
481  0.9942383821763122
482  0.9916432816110928
483  1.0
484  0.9929735760228883
485  0.9976362541403191
486  1.0
487  0.986821933578952
488  0.9950390696179944
489  0.9901472699485945
490  1.0
491  1.0
492  0.9959182078084517
493  0.9868515205724507
494  1.0
495  0.9831434546099707
496  1.0
497  1.0
498  1.0
499  0.9954854407558327
500  0.9867190422745978
501  1.0
502  0.9878249669317569
503  1.0
504  0.9963948814226973
505  0.9970377712975023
506  1.0
507  1.0
508  0.9905415302132128
509  0.9978088825672469
510  0.9881356488984276
511  0.9805628082390484
512  1.0
513  1.0
514  0.9917177344475394
515  0.9949640639514985
516  0.9892939324209762
517  1.0
518  1.0
519  0.9823705156751411
520  0.9890000593348562
521  0.996598694484184
522  0.9989589045450572
523  0.9994486168512565
524  0.9851507387723744
525  0.9964768978051711
526  0.9816240126292919
527  1.0
528  1.0
529  0.9883688720975724
530  0.9886485733614548
531  0.9958224388677922
532  0.9980102431448247
533  1.0
534  1.0
535  0.9912447048096593
536  0.9958226082454954
537  1.0
538  0.9889289740698985
539  1.0
540  0.9974510053317474
541  0.991177877559008
542  0.9914736622145184
543  0.9879612911079102
544  0.9938356990345669
545  0.9913821518158761
546  1.0
547  0.9945515212096467
548  1.0
549  1.0
550  0.9957502102351594
551  1.0
552  1.0
553  0.9974113098485066
554  0.9998650036683785
555  0.9963513803928191
556  0.985635708610089
557  0.9900173790706336
558  0.9897424549305792
559  1.0
560  1.0
561  0.9881792349240267
562  0.9970556321788046
563  1.0
564  0.9957054077521196
565  0.9890605573581588
566  0.9927178803140031
567  0.9933499194166706
568  0.9990236402075725
569  1.0
570  0.992212994887702
571  1.0
572  0.9833799599011517
573  0.9858117351277405
574  0.9941746400651957
575  1.0
576  0.998217343821046
577  0.9890902621235105
578  0.9811725649062948
579  1.0
580  0.9996397297743836
581  0.9897078284101151
582  1.0
583  0.9888871058332664
584  0.9950386523595246
585  1.0
586  1.0
587  0.990774981643415
588  1.0
589  0.9847017751693619
590  0.9906962487916441
591  0.9701008936635452
592  1.0
593  0.9810627079179399
594  0.9912545215280947
595  1.0
596  0.9889053514017464
597  0.9939981219471778
598  0.9920631929515554
599  1.0
600  0.9908958201005137
601  0.9895513803680981
602  0.9857530946146943
603  0.9907053394858273
604  1.0
605  0.9945577120429977
606  1.0
607  1.0
608  1.0
609  0.9736188856414745
610  0.98130671433125
611  1.0
612  0.988679092382496
613  0.9911617851788391
614  1.0
615  1.0
616  1.0
617  0.9682875264270613
618  0.9752367079388201
619  0.9866186474589835
620  0.9843579397104202
621  1.0
622  0.98779181017987
623  0.9977865070457663
624  0.9696202531645569
625  1.0
626  0.9878591288229842
627  0.9552469135802469
628  1.0
629  0.9946843853820598
630  0.9565217391304348
631  1.0
633  0.9535603715170279
635  1.0
