2 1.000000
3 1.000000
4 0.998295
5 1.000000
6 0.990976
7 0.987128
8 0.980465
9 0.998807
10 1.000000
11 0.989502
12 0.988112
13 1.000000
14 1.000000
15 1.000000
16 1.000000
17 0.986804
18 0.997378
19 1.000000
20 0.986127
21 0.993355
22 1.000000
23 0.954545
24 1.000000
25 1.000000
489 1.000000
490 1.000000
491 1.000000
492 1.000000
493 1.000000
494 0.976834
495 1.000000
496 0.970588
497 1.000000
498 0.963042
499 1.000000
500 1.000000
501 0.996613
502 0.984071
503 1.000000
504 1.000000
505 0.961057
506 0.944448
507 0.992217
508 0.967680
509 1.000000
