2 1.000000
3 0.969258
4 0.942913
5 0.966821
6 0.981386
7 0.992203
8 1.000000
9 1.000000
10 1.000000
11 1.000000
12 1.000000
13 1.000000
14 1.000000
15 1.000000
16 1.000000
17 1.000000
18 0.998565
19 1.000000
20 1.000000
21 1.000000
22 0.994385
23 1.000000
24 0.980791
25 1.000000
26 1.000000
27 0.993704
28 1.000000
29 1.000000
30 0.984392
31 0.990547
32 1.000000
33 0.982111
34 1.000000
35 1.000000
36 1.000000
37 0.979168
38 0.990883
39 0.995696
40 1.000000
41 0.976054
42 1.000000
43 1.000000
44 1.000000
45 0.992882
46 1.000000
47 0.994003
48 1.000000
49 1.000000
50 1.000000
52 1.000000
53 1.000000
459 0.000000
460 1.000000
461 1.000000
462 1.000000
463 1.000000
464 1.000000
465 1.000000
466 1.000000
467 0.984814
468 1.000000
469 1.000000
470 0.993778
471 0.973140
472 0.966987
473 0.971693
474 1.000000
475 1.000000
476 0.981487
477 1.000000
478 1.000000
479 0.984163
480 1.000000
481 1.000000
482 1.000000
483 0.969594
484 1.000000
485 1.000000
486 1.000000
487 0.989318
488 1.000000
489 0.998271
490 1.000000
491 1.000000
492 0.999250
493 0.994484
494 1.000000
495 0.993813
496 1.000000
497 1.000000
498 1.000000
499 1.000000
500 1.000000
501 1.000000
502 0.991671
503 1.000000
504 0.968371
505 0.960252
506 0.934596
507 0.860801
508 0.866426
509 0.748768
