6 0.000000
7 1.000000
8 0.937097
9 1.000000
10 1.000000
11 1.000000
12 1.000000
13 1.000000
14 1.000000
15 0.992387
16 0.994635
17 0.999955
18 1.000000
19 1.000000
20 1.000000
21 0.997059
22 0.997936
23 0.998693
24 0.996953
25 0.997835
26 0.996632
27 0.996202
28 0.994092
29 0.991331
30 0.995463
31 1.000000
32 0.974201
33 0.991222
34 0.994711
35 0.991944
36 0.990913
37 1.000000
38 0.991958
39 0.975540
40 1.000000
41 0.976501
42 0.992431
43 0.993829
44 0.980119
45 0.985185
46 1.000000
47 0.959436
48 0.976192
49 0.973283
50 0.980096
51 0.999850
52 0.995417
53 0.953241
54 1.000000
55 1.000000
56 0.985955
57 0.997789
58 0.995662
59 0.992376
60 1.000000
61 0.963811
62 1.000000
63 1.000000
64 0.965888
65 0.989583
66 0.946809
67 0.970000
68 0.981882
69 1.000000
70 0.988966
71 0.989091
72 1.000000
73 0.961907
74 1.000000
75 0.971734
76 0.938047
77 0.994683
78 0.967213
79 0.950000
80 0.968485
81 0.951995
82 0.993357
83 0.965858
84 1.000000
85 0.957447
86 0.997500
87 0.988406
88 0.915254
89 0.980769
90 0.956522
91 0.992830
92 0.885714
93 1.000000
94 1.000000
95 1.000000
96 1.000000
97 1.000000
99 1.000000
414 1.000000
416 1.000000
417 1.000000
418 1.000000
419 1.000000
420 1.000000
421 1.000000
422 0.968750
423 1.000000
424 0.991667
425 0.969697
426 1.000000
427 0.976744
428 1.000000
429 1.000000
430 0.977273
431 1.000000
432 1.000000
433 1.000000
434 1.000000
435 1.000000
436 0.990254
437 0.985294
438 1.000000
439 1.000000
440 1.000000
441 1.000000
442 1.000000
443 0.995525
444 0.997018
445 0.977011
446 1.000000
447 1.000000
448 1.000000
449 0.978198
450 1.000000
451 0.992308
452 1.000000
453 1.000000
454 1.000000
455 1.000000
456 0.996377
457 1.000000
458 0.971928
459 1.000000
460 0.989241
461 1.000000
462 0.983906
463 1.000000
464 0.995184
465 0.993812
466 1.000000
467 0.990794
468 1.000000
469 0.989691
470 0.997638
471 0.986550
472 0.989266
473 0.982455
474 0.995405
475 0.998348
476 0.987073
477 1.000000
478 0.996946
479 1.000000
480 0.991445
481 0.997727
482 1.000000
483 1.000000
484 0.993860
485 0.991085
486 1.000000
487 1.000000
488 1.000000
489 0.987612
490 1.000000
491 0.998514
492 0.999453
493 1.000000
494 0.991162
495 1.000000
496 0.997249
497 0.994428
498 1.000000
499 0.994329
500 1.000000
501 1.000000
502 0.000000
