35  1.0
36  0.9661266568483063
37  0.9610738255033557
38  0.9811749249249249
39  0.9735729386892178
40  0.9650283553875236
41  0.9807235089157614
42  0.9809466848940533
43  1.0
44  0.9850736422951448
45  0.9788293897882939
46  1.0
47  0.9794552008158752
48  0.9805819696065612
49  0.9799770847306059
50  0.9888859251355917
51  0.9810369964942743
52  0.9852408193721464
53  0.9750584567420109
54  0.9891453761198274
55  1.0
56  0.9772596915173506
57  0.9815746197889784
58  0.9807904494631257
59  0.9938537931034483
60  0.9766153846153847
61  0.9825968183933402
62  0.9852299320434126
63  0.9861595222079538
64  0.9816378815881716
65  0.9801553932435907
66  0.98247274558597
67  0.9849508666815867
68  1.0
69  0.9808580918546661
70  0.9810021691219404
71  0.9905668218085106
72  0.9940561991809637
73  0.9821775226677915
74  0.9851777916681339
75  0.9838722824504815
76  0.9858410819949281
77  0.9948248444808196
78  0.9920886075949366
79  0.9867920177383592
80  0.98213860737389
81  0.9835368005939703
82  0.984891530557543
83  0.9942500596069349
84  0.9863139307424695
85  0.9751274435791903
86  0.99896735987617
87  0.986901019889692
88  0.9778327403057578
89  0.9950610692387286
90  0.982261880221064
91  0.9941195555790451
92  0.9814516234792859
93  0.9823999781160511
94  0.9831862474719617
95  0.9793248945147679
96  0.9928155868942203
97  0.9822495515273973
98  0.978925762405446
99  0.9763057966141024
100  0.9781992873053654
101  0.9850844994283993
102  0.9780098855934675
103  0.9773435626947975
104  0.9941312259540398
105  0.9871007744650495
106  0.9774041057544829
107  0.9906496818129825
108  0.9871590551282644
109  0.9874162761726548
110  0.9801390163582997
111  0.997967199630551
112  0.9858809192369207
113  0.9935859571972924
114  0.9746200200538078
115  1.0
116  0.9993695057466767
117  0.9836667178581484
118  0.999837252388379
119  0.9771535979423182
120  0.9876835566908206
121  0.9734046576125368
122  0.9938572719060524
123  0.9949559535546797
124  0.9994090609647079
125  0.9823868470716183
126  0.9816830897554928
127  0.9939820706028958
128  0.9869727868635371
129  1.0
130  0.9708891082434515
131  0.9910862513728195
132  0.9931072845871052
133  0.9940723925916506
134  0.9883264114939948
135  0.9848292927210063
136  0.9837492973767072
137  0.9774855006899925
138  0.9861972417623103
139  0.9925024676098421
140  0.9891379548913796
141  0.982318174270414
142  0.9792349426298618
143  0.9848194331012562
144  0.9978701603016401
145  0.9744653470113115
146  0.9885665731060949
147  0.9875286041189931
148  1.0
149  1.0
150  0.9756379755077509
151  0.9907311120746882
152  1.0
153  0.9845973484316416
154  0.9820197625217055
155  1.0
156  1.0
157  0.9983716072128008
158  0.9882181724098899
159  0.9810469245326754
160  0.9968447261204164
161  0.980371287531881
162  0.9984618413604706
163  0.9950055327930137
164  0.9992088672167866
165  0.9989747759531933
166  0.9933155162695219
167  1.0
168  0.9914390803676124
169  0.9963083791208791
170  0.9947071302593309
171  1.0
172  0.9929485596553848
173  0.9866745357073743
174  1.0
175  1.0
176  0.9816016580009054
177  1.0
178  0.9901190121602196
179  0.9986738665783064
180  0.9923449742760013
181  0.9985327852447153
182  0.999175217212651
183  0.9975002073942979
184  0.9917211895114334
185  0.9773841909578203
186  0.9887184783486288
187  1.0
188  0.9922752458443568
189  0.9895833333333334
190  0.9973333333333333
191  0.9926330746529676
192  0.9955966388936791
193  1.0
194  1.0
195  0.9743415365841257
196  0.9964582406171191
197  1.0
198  0.9953221483024587
199  0.9900677504413365
200  1.0
201  0.9993430169711857
202  0.9909581373878423
203  1.0
204  0.9826310733823114
205  0.9843702899861337
206  0.9877845406957856
207  1.0
208  0.9991120423457619
209  1.0
210  0.9948752454179262
211  0.9874096048226646
212  1.0
213  0.9808290917127334
214  0.9991270540843223
215  1.0
216  1.0
217  0.9793307785111063
218  0.9975650416416566
219  0.9888657850799472
220  0.9818282926760593
221  0.9987269376717408
222  0.9721172113604117
223  1.0
224  1.0
225  0.9966905132192846
226  1.0
227  1.0
228  0.9933104445197949
229  0.9940115350186396
230  0.9792346690742413
231  1.0
232  1.0
233  0.9969948849104859
234  1.0
235  1.0
236  0.9913868793668459
237  1.0
238  0.9849680351408736
239  0.9973881471070508
240  1.0
241  0.9718048298018764
242  0.9855934416316209
243  0.9947068725921072
244  0.9927263444520082
245  1.0
246  0.995307346658698
247  0.9797447642071346
248  0.9869488245707934
249  0.980011622424701
250  0.9919466907763658
251  1.0
252  0.9919274704790368
253  0.9935837304416344
254  1.0
255  0.9941414709391123
256  0.9932564820514858
257  0.996998238680299
258  0.9959126250117566
259  1.0
260  0.9753107344632769
261  1.0
262  0.9843671311062616
263  1.0
264  0.9659260689200303
265  1.0
266  0.9687675960403234
267  1.0
268  0.9809124767225326
269  1.0
270  1.0
271  0.9758657746564146
272  0.9720121987681636
273  0.966011466011466
274  0.9896866923644394
275  0.9974785950246072
276  1.0
277  1.0
278  0.9969328454584588
279  0.991269004967635
280  0.9711572378239045
281  1.0
282  0.9920001930571811
283  0.9956931672680712
284  1.0
285  0.9933066191748293
286  0.9984730004310078
287  0.990929292929293
288  0.99032932797975
289  0.9940321583178725
290  1.0
291  0.9906730016467349
292  1.0
293  0.9771933465249301
294  0.982785677780116
295  1.0
296  1.0
297  0.9913203407330924
298  0.9954996066089693
299  1.0
300  0.9750513522766175
301  1.0
302  0.9867172675521823
303  1.0
304  0.9903457960329998
305  1.0
306  0.9999382000210846
307  0.9915110356536503
308  0.9832570472973423
309  0.9859347655434164
310  1.0
311  1.0
312  0.9932541709227103
313  1.0
314  1.0
315  0.9956937271696689
316  1.0
317  0.9914763346175014
318  1.0
319  0.9950048909667749
320  0.9979576480705149
321  0.9887482419127989
322  0.9983105026452928
323  0.9955128558057589
324  0.9858700236851499
325  0.9883075233662353
326  0.9834139569375102
327  1.0
328  1.0
329  0.9833187219949348
330  0.9846896607333643
331  0.964962214962215
332  0.9810341785371948
333  0.9883468834688346
334  1.0
335  1.0
336  1.0
337  0.9895451788963007
338  0.9907383868443222
339  1.0
340  1.0
341  1.0
342  0.9720043103448276
343  1.0
344  0.9857165353412226
345  0.9898792830142665
346  0.9968287526427061
347  1.0
348  1.0
349  1.0
350  1.0
351  0.9773649124153904
352  0.9703524855377978
353  1.0
354  0.9728558470789801
355  0.9997428152755764
356  1.0
357  1.0
358  0.9833669129169464
359  1.0
360  0.9987437185929648
361  1.0
362  0.9973894960399983
363  1.0
364  1.0
365  0.9826459319359928
366  1.0
367  1.0
368  1.0
369  1.0
370  0.9787796079933602
371  1.0
372  1.0
373  1.0
374  1.0
375  0.9813774328081557
376  0.9668934016824395
377  1.0
378  1.0
379  1.0
380  1.0
381  0.969440203562341
382  0.9799248523886205
383  0.970183066826503
384  1.0
385  0.9668215287517531
386  1.0
387  0.9991909385113269
388  1.0
389  0.994216397188328
390  0.976733151744135
391  1.0
392  1.0
393  1.0
394  0.9806497747988131
395  0.999518869921672
396  1.0
397  1.0
398  0.9893388106416277
399  1.0
400  0.9854848612763345
401  0.9895996860282575
402  0.9654707073077713
403  1.0
404  1.0
405  1.0
406  1.0
407  0.9953614926146671
408  1.0
409  1.0
410  0.9878261239058383
411  1.0
412  1.0
413  0.9940649496080627
414  1.0
415  1.0
416  1.0
417  1.0
418  1.0
419  1.0
420  0.9894407914223091
421  0.9532838211737295
422  1.0
423  0.9604617530086256
424  0.9738693467336683
425  1.0
426  1.0
427  1.0
428  0.9595551061678463
429  0.9910931174089068
430  1.0
431  1.0
432  1.0
433  1.0
434  0.9963681459828152
435  0.9914978744686171
436  1.0
437  0.9905231083130864
438  1.0
439  1.0
440  1.0
441  1.0
442  1.0
443  0.9651054402010185
444  1.0
445  1.0
446  0.9983357887270148
447  1.0
448  0.9682122755293487
449  0.9919039051751508
450  0.967642716535433
451  1.0
452  1.0
453  1.0
454  1.0
455  1.0
456  0.9632601631407919
457  0.9785303468724323
458  1.0
459  1.0
460  0.996740435752273
461  1.0
462  1.0
463  1.0
464  0.9753158341517003
465  0.9886206896551725
466  0.9817708333333333
467  1.0
468  0.9432799013563502
469  0.9713930348258706
470  0.9599145603417586
471  1.0
472  0.9637369148726052
473  1.0
474  0.9854142489817279
475  1.0
476  1.0
477  0.9644414842188943
478  0.9736086353733412
479  1.0
480  1.0
481  1.0
482  0.998858664637626
483  1.0
484  1.0
485  1.0
486  0.9605178823227791
487  1.0
488  0.9671469231957284
489  1.0
490  0.9907882814859559
491  1.0
492  1.0
493  1.0
494  0.9954545454545455
495  0.963733592610598
496  0.9884011158420202
497  1.0
498  0.9901738473167044
499  0.9709615560222811
500  0.9855812459858702
501  1.0
502  1.0
503  1.0
504  0.9833291052078426
505  1.0
506  1.0
507  1.0
508  1.0
509  1.0
510  1.0
511  0.973900293255132
512  1.0
513  0.9588377723970944
514  0.9991730310843021
515  1.0
516  1.0
517  0.9608695652173913
518  0.9644218181818183
519  0.9513677811550152
520  1.0
521  1.0
522  0.9798908258496214
523  1.0
524  0.9722650231124808
525  1.0
526  0.9926475037821483
527  1.0
528  1.0
529  1.0
530  1.0
531  0.9786936467787531
532  0.9398373983739837
533  1.0
534  1.0
535  0.984909188034188
536  1.0
537  1.0
538  1.0
539  0.9920431827269092
540  0.9898407579117113
541  0.9738762965808682
542  1.0
543  1.0
544  1.0
545  1.0
546  1.0
547  0.9779374775422206
548  0.9791891626582899
549  1.0
550  1.0
551  0.9810646280172719
552  0.987170474516696
553  0.9869999999999999
554  1.0
555  1.0
556  0.9329268292682927
557  1.0
558  0.9953775038520801
559  1.0
560  0.9691896291128939
561  0.9753933037515128
562  0.9959735245449531
563  1.0
564  0.9745417515274948
565  0.9936446173800259
566  0.9942277606948265
567  0.9996187571483035
568  1.0
569  0.9939279518318196
570  1.0
571  0.9925409867100828
572  0.9365671641791045
573  0.9575991815391611
574  0.9655232305688233
575  1.0
576  1.0
577  0.9484304932735426
578  1.0
579  0.9738756613756613
580  0.9776069518716578
581  1.0
582  0.9824471492632928
583  1.0
584  0.9672712111736502
585  0.9382978723404255
586  1.0
587  1.0
588  0.9991996798719488
590  1.0
592  1.0
593  1.0
594  0.98271679805943
595  1.0
596  0.9744098712446352
597  1.0
598  0.9706563706563707
600  0.988479262672811
601  0.995105448787159
602  0.9491150442477876
603  1.0
604  0.9601769911504425
605  0.9312638580931264
607  1.0
608  0.9775881057268723
609  0.9463087248322147
610  1.0
611  1.0
612  1.0
613  0.945
614  0.9844267320662171
615  0.9813575181746202
616  0.9823953823953824
617  1.0
618  1.0
619  1.0
620  1.0
621  0.9260143198090692
622  0.9868402533427164
623  0.9400479616306955
625  0.9642739273927393
626  0.9264705882352942
627  0.9897074756229686
628  0.9527884615384615
629  0.9577817005001471
630  0.9524463781390733
631  0.9754435107376284
632  0.9463696369636964
634  0.9947229551451187
636  1.0
637  0.9490598290598291
639  0.9107142857142857
