7 0.875000
8 1.000000
9 1.000000
10 1.000000
11 1.000000
12 0.998236
13 1.000000
14 1.000000
15 1.000000
16 1.000000
17 1.000000
18 0.996483
19 0.994856
20 0.997832
21 1.000000
22 1.000000
23 1.000000
24 0.999019
25 0.994507
26 0.994044
27 1.000000
28 1.000000
29 1.000000
30 0.999904
31 0.996688
32 0.999403
33 0.997008
34 0.999330
35 1.000000
36 1.000000
37 0.988594
38 0.995750
39 1.000000
40 0.996006
41 0.995989
42 0.981132
43 0.998345
44 0.986438
45 1.000000
46 0.997167
47 1.000000
48 0.975610
49 1.000000
50 0.990741
51 0.994688
52 1.000000
53 1.000000
54 0.977431
55 0.979017
56 0.968580
57 1.000000
58 0.982888
59 0.990519
60 0.994572
61 1.000000
62 0.975309
63 0.960199
64 1.000000
65 1.000000
66 1.000000
67 0.958333
68 0.981481
69 0.980000
70 0.993461
71 0.955224
72 0.914894
73 1.000000
74 1.000000
75 1.000000
76 0.977273
77 0.977273
78 0.949288
79 0.970588
80 0.973684
81 0.992231
82 1.000000
83 1.000000
84 1.000000
85 1.000000
86 0.941650
87 0.969697
88 0.991543
89 0.918470
90 1.000000
91 0.966667
92 1.000000
93 1.000000
94 1.000000
95 1.000000
96 0.000000
98 1.000000
413 1.000000
416 1.000000
417 1.000000
418 1.000000
419 1.000000
420 1.000000
421 1.000000
422 1.000000
423 1.000000
424 1.000000
425 1.000000
426 1.000000
427 1.000000
428 0.960000
429 1.000000
430 1.000000
431 1.000000
432 1.000000
433 1.000000
434 1.000000
435 1.000000
436 1.000000
437 1.000000
438 0.986254
439 1.000000
440 0.977778
441 1.000000
442 0.988194
443 1.000000
444 0.985738
445 1.000000
446 1.000000
447 1.000000
448 1.000000
449 0.989293
450 0.989583
451 1.000000
452 0.977416
453 1.000000
454 0.993044
455 1.000000
456 1.000000
457 1.000000
458 1.000000
459 1.000000
460 1.000000
461 0.989769
462 0.987503
463 1.000000
464 0.993842
465 0.998997
466 0.997645
467 1.000000
468 1.000000
469 0.993993
470 1.000000
471 0.995072
472 0.998697
473 0.988297
474 0.994417
475 1.000000
476 1.000000
477 1.000000
478 0.997294
479 0.994802
480 1.000000
481 1.000000
482 0.993132
483 0.987718
484 1.000000
485 1.000000
486 1.000000
487 1.000000
488 0.999241
489 1.000000
490 1.000000
491 1.000000
492 1.000000
493 1.000000
494 1.000000
495 1.000000
496 1.000000
497 1.000000
498 1.000000
499 1.000000
500 1.000000
501 0.941176
