552  0.9877099549365015
553  1.0
554  0.9858019281332164
555  0.9853263072557763
556  1.0
557  0.9959625204409058
558  1.0
559  0.9907431029181101
560  0.9860558771709036
561  0.9940648536308085
562  0.9968215257746175
563  0.997351155927143
564  0.9956370664328327
565  1.0
566  0.9914107047286395
567  0.9879247717852183
568  0.9965925384487193
569  1.0
570  0.9912617725463837
571  0.9947879847333904
572  1.0
573  0.9943269457162902
574  1.0
575  1.0
576  1.0
577  0.9955112483785905
578  0.9967690680925916
579  0.9930366888597489
580  0.9983772767941003
581  0.9925231906088696
582  0.9930049562285745
583  0.9943071940772362
584  0.995310494905835
585  0.9901743865305582
586  0.9899916178834858
587  0.9918078085887976
588  0.9901234793466208
589  0.9916559269419692
590  0.9939839591170416
591  0.9888685816091106
592  0.9933532388297308
593  0.9954706748665598
594  0.9939093749841286
595  0.9890466850354548
596  0.9879193269240784
597  0.9928775630705654
598  0.9949607220164732
599  0.9916927006665893
600  0.9892150185592974
601  0.9869338543888075
602  0.9875137492167633
603  0.9875313693825492
604  0.9858454026623861
605  0.9880478724709841
606  0.9886698988309349
607  0.9866834011426872
608  0.9873404590888177
609  0.9829562715143121
610  0.9826115837226257
611  0.9848259125113982
612  0.9812457927973293
613  0.9834758566722237
614  0.9824316900155754
615  0.9804182467056106
616  0.9790269102344111
617  0.9804878743523207
618  0.979010335287947
619  0.97563833009249
620  0.9774677619287246
621  0.9714460473843437
622  0.9757119034801847
623  0.9681627370505961
624  0.9695433234612936
625  0.9651273084191295
626  0.9606637480538629
627  0.9554619014389449
628  0.9501098616161621
629  0.945713219148897
630  0.9385470183724827
631  0.9362875373242019
632  0.9329570364725079
633  0.9304516323817119
634  0.9234705848014119
635  0.9171312087926887
636  0.9058545479409735
637  0.8529692142000395
638  0.7280903290430327
639  0.7226665596050144
640  0.6959902851031048
