24  1.0
25  1.0
26  1.0
27  1.0
28  1.0
29  1.0
30  1.0
31  0.9996323659226057
32  1.0
33  1.0
34  0.9932676124068286
35  1.0
36  1.0
37  0.9895392833296238
38  1.0
39  0.9956461961503208
40  1.0
41  0.9929430214323053
42  0.9931824379601855
43  0.9954916877993801
44  1.0
45  1.0
46  1.0
47  0.9939909864797196
48  0.995635305528613
49  1.0
50  1.0
51  1.0
52  0.9956485702445089
53  1.0
54  0.9972128210232929
55  1.0
56  0.9966373995890155
57  0.9962797619047619
58  1.0
59  0.997693399574166
60  0.9962367430721861
61  0.9971661943657276
62  1.0
63  1.0
64  0.9967597592964049
65  1.0
66  1.0
67  1.0
68  0.9964879103066324
69  0.9957548421331919
70  0.9965990843688686
71  0.9957231726283048
72  0.9961523662947287
73  1.0
74  0.9957784951576856
75  0.9966810079901659
76  0.9947683109118086
77  1.0
78  0.9963160569105691
79  0.9980312376952356
80  1.0
81  0.9965699208443272
82  1.0
83  1.0
84  0.9970302375809935
85  1.0
86  0.9965739886678087
87  1.0
88  0.9973866457598327
89  1.0
90  0.9965709931419863
91  1.0
92  0.9962485932224584
93  0.9966736478994702
94  1.0
95  0.9968373677168227
96  1.0
97  0.9974166564153032
98  0.9976905311778291
99  1.0
100  0.9970633299284984
101  0.9974042829331603
102  0.9971955128205128
103  0.9980766588817145
104  0.9979824182158813
105  0.998935684962749
106  1.0
107  0.9993009437259699
108  1.0
109  0.9990033884791708
110  0.9975077881619938
111  1.0
112  0.9993275050437121
113  1.0
114  0.9988505747126437
115  0.9986657771847899
116  1.0
117  0.9988054947242684
118  1.0
119  1.0
120  0.998086623760654
121  0.9982917663136317
122  0.9986619836092993
123  1.0
124  0.9978125525828706
125  1.0
126  0.9975558659217877
127  1.0
128  1.0
129  1.0
130  1.0
131  0.9991343490304709
132  0.998805256869773
133  0.9982560167422393
134  0.9980534418686958
135  0.9987623762376238
136  0.9982341515098004
137  1.0
138  0.9983994309087676
139  0.998019801980198
140  0.9987667371388301
141  1.0
142  0.9987475398103417
143  0.9985701519213583
144  0.9990839135214364
145  0.997959940652819
146  1.0
147  0.9988820570150923
148  0.9979908675799086
149  0.9982605334364129
150  0.9982595242699671
151  1.0
152  0.9994303076338777
153  1.0
154  1.0
155  0.999423076923077
156  0.9986368062317429
157  1.0
158  0.9988412514484357
159  0.9984276729559748
160  0.9982486865148862
161  0.9982601971776532
162  0.9991941982272361
163  0.9993995196156925
164  0.9986002799440112
165  0.9986066878980892
166  0.999180495800041
167  0.9985717200571312
168  1.0
169  0.9979562640506846
170  1.0
171  0.9991783073130649
172  0.9987794955248169
173  1.0
174  0.9983295051158906
175  0.9985720114239086
176  0.9993797808559024
177  0.9980916030534351
178  1.0
179  0.9979035639412998
180  0.998661311914324
181  0.9990836197021764
182  0.9982889269127353
183  1.0
184  1.0
185  0.9987240829346092
186  0.9985454545454545
187  0.9995949777237748
188  0.9979149291075896
189  0.9996114996114996
190  1.0
191  1.0
192  0.9991105840498073
193  0.998923863330643
194  0.9992234015014237
195  1.0
196  0.9987911025145068
197  0.99928092042186
198  0.9995204986813714
199  0.9995274102079396
200  0.9987954709708504
201  0.999275887038378
202  0.9995157384987894
203  0.998551774076756
204  0.9995059288537549
205  0.9997594419052201
206  0.9982115482881962
207  0.9990205680705191
208  0.9990101460034645
209  0.998972250770812
210  0.997564539698003
211  0.9992205767731879
212  1.0
213  0.9987012987012988
214  0.9990069513406157
215  0.9978891820580474
216  0.9992191566892243
217  0.999204665959703
218  0.9986796936889358
219  0.9989333333333333
220  0.9986446191379778
221  0.9978225367446925
222  0.9991698948533481
223  0.9991751443497388
224  1.0
225  0.9994590208276981
226  0.9989044097507532
227  0.9994819994819995
228  0.9992203742203742
229  0.9986673773987207
230  1.0
231  0.9994617868675996
232  1.0
233  0.9989333333333333
234  1.0
235  0.9992266047950503
236  0.998209260680481
237  0.9981520591341078
238  0.99893219434063
239  0.9994623655913979
240  0.9992150706436421
241  0.9991887506760411
242  1.0
243  0.9992092778070638
244  0.9989010989010989
245  1.0
246  0.9981510829371368
247  0.9981574098446959
248  0.9989339019189766
249  0.99812734082397
250  1.0
251  0.9983664579362919
252  0.9994425863991081
253  0.9983434566537824
254  0.9988639591025277
255  0.9974152785755313
256  0.9970896391152503
257  0.9969861362266426
258  0.9981807155852032
259  0.9979716024340771
260  1.0
261  0.9984167194426853
262  0.999384236453202
263  0.998422712933754
264  1.0
265  0.9984765386959171
266  0.9973443493655946
267  1.0
268  0.9982274741506647
269  1.0
270  0.9979296066252588
271  0.9988388969521045
272  0.9981521404373268
273  1.0
274  0.9975594874923734
275  0.9985092426952892
276  0.9945848375451264
277  0.9964757709251101
278  1.0
279  0.9949911608721272
280  1.0
281  0.9953850591289299
282  0.994069471900593
283  0.9966273187183811
284  0.9942116868798236
285  1.0
286  0.9942065491183879
287  1.0
288  0.993501972615456
289  1.0
290  0.9945828819068255
291  1.0
292  0.9950129662876521
293  1.0
294  0.995846313603323
295  0.99581589958159
296  0.996613821763891
297  1.0
298  1.0
299  1.0
300  0.9970992558960777
301  0.9977294455066922
302  0.9964872521246458
303  1.0
304  0.9968834406814876
305  0.997778899545684
306  1.0
307  1.0
308  1.0
309  0.9980573951434879
310  1.0
311  0.9976903406747505
312  0.9981845188975078
313  1.0
314  0.9982108129132633
315  1.0
316  1.0
317  0.9976094427013298
318  0.9981698389458272
319  0.9976638925390569
320  0.9980291970802919
321  1.0
322  1.0
323  1.0
324  1.0
325  0.9975759304149436
326  0.9980582524271845
327  0.9984415952397818
328  0.9976966817821925
329  1.0
330  1.0
331  0.9983802816901408
332  0.9977797821411226
333  1.0
334  0.9992492492492493
335  1.0
336  1.0
337  1.0
338  0.9983353309362099
339  1.0
340  0.9979551451187335
341  0.9983571006111586
342  0.9980260560600079
343  1.0
344  1.0
345  1.0
346  1.0
347  0.9978071549401667
348  1.0
349  1.0
350  1.0
351  1.0
352  1.0
353  0.99843278384026
354  1.0
355  0.9988064112765715
356  1.0
357  1.0
358  1.0
359  1.0
360  0.9987948507258285
361  1.0
362  0.9987870768552211
363  0.9986627291469327
364  0.999203187250996
365  0.9989820156090939
366  0.9988187348650405
367  1.0
368  0.9991641292017434
369  0.9988083179407734
370  0.999390206719922
371  0.9992619018329438
372  0.9992694953430328
373  0.9992500937382827
374  0.9992801047120419
375  0.9992693457323149
376  0.9993754770661301
377  1.0
378  0.9994866906211044
379  1.0
380  0.9987814166031987
381  0.99894171895079
382  0.99913307325531
383  1.0
384  1.0
385  1.0
386  1.0
387  0.9988388166989217
388  1.0
389  1.0
390  1.0
391  1.0
392  1.0
393  1.0
394  0.9984133979726751
395  1.0
396  1.0
397  1.0
398  1.0
399  1.0
400  1.0
401  1.0
402  1.0
403  1.0
404  1.0
405  1.0
406  1.0
407  1.0
408  1.0
409  1.0
410  1.0
411  0.9980441245501487
412  0.9977767376550433
413  1.0
414  1.0
415  0.9976961136080371
416  1.0
417  1.0
418  1.0
419  0.9977234127127526
420  1.0
421  1.0
422  1.0
423  1.0
424  1.0
425  0.9980537565853494
426  1.0
427  1.0
428  1.0
429  1.0
430  1.0
431  1.0
432  0.9974297893681043
433  0.9995333708510409
434  1.0
435  1.0
436  0.999489790415469
437  1.0
438  0.9997845019538149
439  0.9995803228248749
440  1.0
441  1.0
442  1.0
443  1.0
444  1.0
445  1.0
446  1.0
447  1.0
448  1.0
449  1.0
450  0.9996937897582159
451  1.0
452  0.9976932880167549
453  1.0
454  1.0
455  1.0
456  1.0
457  1.0
458  1.0
459  1.0
460  1.0
461  1.0
462  1.0
463  1.0
464  1.0
465  1.0
466  1.0
467  1.0
468  1.0
469  1.0
470  1.0
471  0.9977441283249548
472  1.0
473  1.0
474  1.0
475  0.9982750370448322
476  1.0
477  1.0
478  1.0
479  1.0
480  1.0
481  0.9994494942526712
482  1.0
483  1.0
484  1.0
485  1.0
486  1.0
487  1.0
488  1.0
489  1.0
490  1.0
491  1.0
492  1.0
493  1.0
494  0.9993073224650646
495  1.0
496  1.0
497  1.0
498  1.0
499  1.0
500  1.0
501  1.0
502  1.0
503  1.0
504  1.0
505  1.0
506  1.0
507  1.0
508  1.0
509  1.0
510  1.0
511  1.0
512  1.0
513  1.0
514  1.0
515  1.0
516  1.0
517  1.0
518  1.0
519  1.0
520  1.0
521  1.0
522  1.0
523  1.0
524  1.0
525  1.0
526  0.9981467417304755
527  1.0
528  1.0
529  1.0
530  1.0
531  1.0
532  1.0
533  1.0
534  1.0
535  1.0
536  1.0
537  1.0
538  1.0
539  1.0
540  1.0
541  1.0
542  0.9994548642236152
543  1.0
544  1.0
545  1.0
546  0.9957736917225135
547  1.0
548  1.0
549  1.0
550  1.0
551  1.0
552  0.9992881756896096
553  1.0
554  1.0
555  1.0
556  1.0
557  1.0
558  1.0
559  1.0
560  0.99805040185895
561  1.0
562  1.0
563  1.0
564  1.0
565  1.0
566  1.0
567  1.0
568  1.0
569  1.0
570  1.0
571  1.0
572  1.0
573  1.0
574  1.0
575  1.0
576  1.0
577  1.0
578  1.0
579  1.0
580  1.0
581  1.0
582  1.0
583  1.0
584  1.0
585  1.0
586  1.0
587  1.0
588  1.0
589  1.0
590  1.0
591  1.0
592  1.0
593  1.0
594  1.0
595  1.0
596  1.0
597  1.0
598  1.0
599  1.0
600  1.0
601  1.0
602  1.0
603  1.0
604  1.0
605  1.0
606  1.0
607  1.0
608  1.0
609  1.0
610  1.0
611  1.0
612  1.0
613  1.0
614  1.0
615  1.0
616  1.0
617  1.0
618  1.0
619  1.0
620  1.0
621  1.0
622  1.0
623  1.0
624  1.0
625  1.0
626  0.9992596747510224
627  1.0
628  1.0
629  1.0
630  1.0
631  1.0
632  0.9960475282657106
633  1.0
634  1.0
635  0.9904258831297458
