558  0.9892028792322047
559  1.0
560  1.0
561  0.986173172582413
562  1.0
563  0.9864673373954939
564  0.9831467661691542
565  0.9916771671351492
566  0.9969369102317079
567  1.0
568  1.0
569  0.9906899190903127
570  0.9922741726533977
571  0.9909551873611824
572  0.9921021618817305
573  0.9949685784782483
574  0.987792395602284
575  1.0
576  0.9961004895248279
577  0.9940233486541106
578  0.9924175640581618
579  0.9877773010098124
580  0.9939000579622432
581  0.9930704255136446
582  0.9925172399457435
583  0.992973095389162
584  0.9961782035005253
585  0.9945788745874786
586  0.9931415813895598
587  0.9925755626805395
588  0.9882856503847591
589  0.9933553213213898
590  0.9849390218387595
591  0.9918737555869918
592  0.9926654133753644
593  0.9864629221732746
594  0.9975823966746986
595  0.987309099443916
596  0.9915054832873437
597  0.9890684444182662
598  0.9914871862934106
599  0.9908601723403161
600  0.9902577636747042
601  0.9854782919926163
602  0.9908030781278399
603  0.9863115728073497
604  0.9885669349637656
605  0.9878559591486992
606  0.9898861282849895
607  0.9878499010820165
608  0.9895086190112474
609  0.9860574992971353
610  0.9871749080461654
611  0.989656544152539
612  0.9886129283070978
613  0.988903506810261
614  0.9899370227778628
615  0.9849740464714861
616  0.9861362242549611
617  0.9846989081777888
618  0.9854170932855911
619  0.9840286514732061
620  0.9824270655062686
621  0.9850136053593987
622  0.9835068479517227
623  0.984628555508618
624  0.9843789470639849
625  0.9827312274207486
626  0.9840944015095642
627  0.9832765354515848
628  0.9770948916761298
629  0.9761738388897777
630  0.972692903659727
631  0.9679948680581429
632  0.9691574578417663
633  0.965534877190787
634  0.9599776374794433
635  0.956725872655432
636  0.9495224444366552
637  0.9426744149615274
638  0.9391565188475726
639  0.9267208321688484
640  0.906062802978541
