410  0.9977955359603197
411  0.9972580202906498
412  0.9966416946525446
413  0.9966408268733851
414  0.996996996996997
415  0.9977973568281938
416  0.9965483234714004
417  0.9971570717839374
418  0.9960140679953107
419  0.9972521181589191
420  0.9961554891072192
421  0.9942564102564102
422  0.9977907210283189
423  0.9979099372981189
424  0.9970038773352132
425  0.9971933300313687
426  0.9974420463629097
427  0.9976044318011679
428  1.0
429  1.0
430  1.0
431  1.0
432  0.9965039039738958
433  0.9965004374453194
434  0.9972475121744654
435  0.9972224977680786
436  0.9966583124477861
437  1.0
438  1.0
439  1.0
440  0.9966784932437533
441  0.998042769119246
442  1.0
443  0.9960303880637875
444  0.9972718415069828
445  1.0
446  0.9968276770216077
447  1.0
448  1.0
449  0.9999768591981382
450  0.9975349219391948
451  1.0
452  1.0
453  0.9969794223145176
454  0.9964736199647362
455  1.0
456  0.997355758810525
457  0.9972472790412061
458  0.9977023978611412
459  1.0
460  1.0
461  0.9975158708252829
462  0.9968976616124404
463  0.9973393135428941
464  1.0
465  0.9974818545400681
466  0.9967007710557533
467  0.9973140720844978
468  0.9969836253950014
469  1.0
470  1.0
471  0.9982504636271388
472  1.0
473  0.99979168876743
474  0.9997975571900938
475  0.9975344839075099
476  1.0
477  1.0
478  1.0
479  0.9996385576949222
480  0.9972575656111483
481  0.9993989640662253
482  1.0
483  1.0
484  1.0
485  0.9994624166531143
486  0.9971984530588629
487  1.0
488  1.0
489  0.9976078674581377
490  1.0
491  0.9993929864253395
492  0.9976081212626895
493  1.0
494  1.0
495  0.9996931927678849
496  0.9997755662368569
497  0.9992828640581292
498  1.0
499  1.0
500  0.9998179113453745
501  0.9971613489269899
502  0.9992323461916631
503  0.9994071146921332
504  0.9992478748769863
505  1.0
506  0.9990451619648786
507  1.0
508  0.9974546547750276
509  1.0
510  1.0
511  0.9992887292740376
512  1.0
513  0.9975494291283765
514  1.0
515  1.0
516  1.0
517  1.0
518  1.0
519  1.0
520  0.9992875836580704
521  0.9987160777562069
522  1.0
523  1.0
524  1.0
525  1.0
526  0.9997840595375295
527  1.0
528  1.0
529  1.0
530  0.9995825998353389
531  1.0
532  0.9987477264629407
533  1.0
534  0.999097183381248
535  1.0
536  1.0
537  1.0
538  1.0
539  1.0
540  1.0
541  1.0
542  1.0
543  1.0
544  1.0
545  1.0
546  1.0
547  1.0
548  1.0
549  1.0
550  1.0
551  1.0
552  0.9998117354412306
553  0.999538940297857
554  1.0
555  0.9983415153486722
556  1.0
557  1.0
558  0.9985928617515977
559  1.0
560  1.0
561  1.0
562  1.0
563  1.0
564  1.0
565  1.0
566  1.0
567  1.0
568  1.0
569  1.0
570  0.9996621628583537
571  0.9988753223911745
572  1.0
573  1.0
574  1.0
575  1.0
576  1.0
577  1.0
578  1.0
579  1.0
580  1.0
581  1.0
582  1.0
583  1.0
584  1.0
585  1.0
586  1.0
587  1.0
588  1.0
589  1.0
590  1.0
591  1.0
592  1.0
593  1.0
594  1.0
595  1.0
596  1.0
597  1.0
598  1.0
599  1.0
600  1.0
601  1.0
602  1.0
603  1.0
604  1.0
605  1.0
606  1.0
607  1.0
608  1.0
609  1.0
610  1.0
611  1.0
612  1.0
613  1.0
614  1.0
615  1.0
616  1.0
617  1.0
618  1.0
619  1.0
620  1.0
621  1.0
622  1.0
623  1.0
624  1.0
625  1.0
626  1.0
627  1.0
628  1.0
629  1.0
630  1.0
631  1.0
632  1.0
633  1.0
634  0.9982902138822839
635  0.9984172409035754
636  1.0
637  0.9993885247669312
638  0.9985308194813779
639  0.9980692045742482
640  0.9926395616321128
