2 1.000000
3 1.000000
4 1.000000
5 1.000000
6 1.000000
7 1.000000
8 1.000000
9 1.000000
10 1.000000
11 1.000000
12 0.963777
13 0.991417
14 1.000000
15 0.969841
16 1.000000
17 1.000000
18 1.000000
19 0.980649
20 1.000000
21 0.986436
22 0.995899
23 1.000000
24 0.999190
25 1.000000
26 0.985135
27 1.000000
28 0.984020
29 1.000000
30 0.969997
31 0.999023
32 1.000000
33 0.979681
34 0.981038
35 0.994157
36 0.950103
37 0.980258
38 1.000000
39 1.000000
40 0.977011
41 1.000000
42 1.000000
43 1.000000
456 1.000000
457 1.000000
459 1.000000
460 1.000000
461 1.000000
462 1.000000
463 1.000000
464 1.000000
465 1.000000
466 1.000000
467 0.968421
468 0.945946
469 0.865497
470 0.976744
471 0.912755
472 0.966000
473 1.000000
474 0.979264
475 1.000000
476 1.000000
477 0.972085
478 1.000000
479 0.986316
480 1.000000
481 1.000000
482 0.963692
483 0.998721
484 0.996177
485 0.989817
486 1.000000
487 1.000000
488 0.985264
489 1.000000
490 0.999381
491 1.000000
492 0.975617
493 0.947339
494 1.000000
495 1.000000
496 1.000000
497 1.000000
498 1.000000
499 1.000000
500 1.000000
501 0.993382
502 1.000000
503 1.000000
504 1.000000
505 1.000000
506 1.000000
507 1.000000
508 1.000000
509 0.982319
