476  0.9985267034990792
477  0.9976337823079723
478  1.0
479  0.9985002499583403
480  0.9983678798759589
481  0.9985981308411215
482  0.9987931814753357
483  0.9986601161232693
484  0.998298837538985
485  1.0
486  1.0
487  0.9984
488  1.0
489  0.9987897458466278
490  0.9973401534526855
491  1.0
492  0.9973876227366903
493  1.0
494  1.0
495  0.9981089788485782
496  1.0
497  1.0
498  1.0
499  1.0
500  0.99778227750458
501  0.9982875940696679
502  1.0
503  0.9976930596285435
504  0.9984377905895481
505  0.997945448104853
506  1.0
507  0.9979544953897473
508  1.0
509  0.9979217673518191
510  0.9981603009418161
511  1.0
512  0.9979421254541297
513  1.0
514  1.0
515  0.9974951741888041
516  0.9993182295663916
517  0.9996382814052674
518  0.9978896207712477
519  1.0
520  0.9979566237759974
521  0.9980394874943066
522  0.9994194680651142
523  1.0
524  1.0
525  1.0
526  1.0
527  0.9997947535354844
528  1.0
529  0.9994856558739446
530  1.0
531  1.0
532  1.0
533  0.999362196992356
534  1.0
535  1.0
536  0.9993512367867626
537  1.0
538  1.0
539  1.0
540  0.9989036028706443
541  0.9993505436118044
542  1.0
543  0.9999461487473418
544  1.0
545  1.0
546  0.9997615252416904
547  1.0
548  1.0
549  0.9988806698432651
550  1.0
551  1.0
552  1.0
553  1.0
554  1.0
555  0.9992444708789713
556  1.0
557  1.0
558  1.0
559  1.0
560  1.0
561  1.0
562  1.0
563  0.9988741255872408
564  1.0
565  0.9997094858002131
566  1.0
567  1.0
568  1.0
569  0.9986167512001518
570  0.9990980003946143
571  0.9986889340810088
572  0.9995744164341097
573  0.9984242740273508
574  1.0
575  1.0
576  1.0
577  1.0
578  1.0
579  1.0
580  1.0
581  1.0
582  1.0
583  0.9993808100899079
584  0.9999176423078029
585  1.0
586  1.0
587  1.0
588  1.0
589  1.0
590  1.0
591  1.0
592  1.0
593  1.0
594  1.0
595  1.0
596  1.0
597  1.0
598  1.0
599  1.0
600  1.0
601  1.0
602  1.0
603  1.0
604  1.0
605  1.0
606  1.0
607  1.0
608  1.0
609  1.0
610  1.0
611  1.0
612  1.0
613  1.0
614  1.0
615  0.9999397549503378
616  1.0
617  1.0
618  1.0
619  1.0
620  0.9983420790246685
621  0.9990768287561937
622  1.0
623  1.0
624  0.9975125828833712
625  0.9974524067297047
626  1.0
627  0.9966758947808281
628  0.9987909528963657
629  0.996708499064264
630  0.996645701547954
631  0.9952789107792903
632  0.9949884784860861
633  0.9926116726085304
634  0.9946908028344525
635  0.9913485298012188
636  0.9932060192958133
637  0.9890517478397941
638  0.9910042791940229
639  0.9869404365519793
640  0.9664555293251985
