2 0.847868
3 0.822680
4 0.864429
5 0.901784
6 0.925926
7 0.907079
8 0.924142
9 0.923476
10 0.911132
11 0.900937
12 0.882353
13 0.923486
14 0.895234
15 0.925926
16 0.916446
17 0.925926
18 0.909605
19 0.918413
20 0.925926
21 0.912709
22 0.889784
23 0.841673
24 0.925926
25 0.919532
26 0.914815
27 0.925926
28 0.925926
29 0.925926
472 0.925926
473 0.925926
474 0.925926
475 0.925926
476 0.793651
477 0.925926
478 0.925926
479 0.925926
480 0.925926
481 0.925926
482 0.910857
483 0.920596
484 0.870916
485 0.910375
486 0.889845
487 0.883491
488 0.906628
489 0.904088
490 0.915324
491 0.911798
492 0.895000
493 0.925926
494 0.925926
495 0.911001
496 0.884205
497 0.912599
498 0.901270
499 0.918760
500 0.925926
501 0.925890
502 0.912452
503 0.925926
504 0.912340
505 0.925926
506 0.915743
507 0.873940
508 0.819844
509 0.861713
