2 0.925926
3 0.925926
4 0.925926
5 0.925926
6 0.925926
7 0.925926
8 0.925926
9 0.925926
10 0.925926
11 0.925926
12 0.925926
13 0.925926
14 0.925926
15 0.925926
16 0.916107
17 0.921037
18 0.925926
19 0.925926
20 0.917252
21 0.920968
22 0.901224
23 0.925926
24 0.919865
25 0.925926
26 0.925926
27 0.925926
28 0.912075
29 0.906200
30 0.924005
31 0.917754
32 0.880837
33 0.925926
34 0.923326
35 0.913964
36 0.925926
37 0.925926
38 0.887180
39 0.917079
40 0.892168
41 0.911020
42 0.923037
43 0.925926
44 0.866703
45 0.925926
46 0.914055
47 0.869809
48 0.925926
49 0.909682
50 0.925926
51 0.694444
52 0.925926
460 0.925926
462 0.841751
463 0.925926
464 0.925926
465 0.888889
466 0.925926
467 0.925926
468 0.925926
469 0.925926
470 0.919192
471 0.925926
472 0.917946
473 0.909682
474 0.913328
475 0.925926
476 0.925926
477 0.925926
478 0.896569
479 0.924306
480 0.925926
481 0.925926
482 0.921418
483 0.907817
484 0.916620
485 0.908238
486 0.914529
487 0.925926
488 0.919911
489 0.918959
490 0.925162
491 0.908083
492 0.915457
493 0.920747
494 0.925926
495 0.901698
496 0.925926
497 0.925926
498 0.925926
499 0.925926
500 0.914397
501 0.925926
502 0.925926
503 0.925926
504 0.925926
505 0.925926
506 0.925926
507 0.917889
508 0.830664
509 0.925926
