6 0.000000
7 1.000000
8 0.526316
9 0.995885
10 1.000000
11 0.983768
12 1.000000
13 0.999694
14 0.995051
15 1.000000
16 0.990367
17 0.997480
18 1.000000
19 1.000000
20 0.998788
21 0.999906
22 0.998349
23 0.991259
24 0.997790
25 1.000000
26 0.989946
27 1.000000
28 1.000000
29 1.000000
30 1.000000
31 1.000000
32 0.998065
33 0.993435
34 1.000000
35 1.000000
36 1.000000
37 0.996663
38 1.000000
39 0.997504
40 0.977266
41 0.990649
42 0.963303
43 1.000000
44 0.996269
45 1.000000
46 1.000000
47 0.986585
48 1.000000
49 0.990033
50 1.000000
51 0.991121
52 1.000000
53 1.000000
54 0.993621
55 1.000000
56 1.000000
57 1.000000
58 0.970780
59 0.980585
60 0.946470
61 1.000000
62 0.979167
63 1.000000
64 0.990642
65 1.000000
66 1.000000
67 0.970588
68 0.975610
69 1.000000
70 0.953108
71 1.000000
72 0.964286
73 1.000000
74 1.000000
75 0.961538
76 0.937500
77 1.000000
78 1.000000
79 1.000000
80 0.920000
81 0.974741
82 0.966156
83 0.951751
84 1.000000
85 0.988764
86 1.000000
87 0.900000
88 0.961722
89 1.000000
90 1.000000
91 0.916667
92 1.000000
93 1.000000
94 1.000000
95 1.000000
96 1.000000
97 1.000000
415 1.000000
416 0.888889
417 1.000000
418 1.000000
419 1.000000
420 1.000000
421 1.000000
422 0.875000
423 0.916667
424 1.000000
425 1.000000
426 1.000000
427 1.000000
428 1.000000
429 1.000000
430 1.000000
431 1.000000
432 1.000000
433 1.000000
434 1.000000
435 1.000000
436 1.000000
437 1.000000
438 1.000000
439 1.000000
440 1.000000
441 1.000000
442 1.000000
443 0.963504
444 1.000000
445 1.000000
446 0.985205
447 1.000000
448 1.000000
449 1.000000
450 1.000000
451 1.000000
452 1.000000
453 0.968750
454 1.000000
455 1.000000
456 1.000000
457 0.987342
458 0.984509
459 1.000000
460 1.000000
461 1.000000
462 1.000000
463 0.997735
464 1.000000
465 0.996520
466 0.994561
467 1.000000
468 1.000000
469 0.987042
470 0.999970
471 0.997360
472 1.000000
473 1.000000
474 1.000000
475 1.000000
476 0.983752
477 0.995873
478 1.000000
479 0.991143
480 1.000000
481 0.998265
482 0.986579
483 0.996495
484 0.998513
485 1.000000
486 0.996394
487 1.000000
488 0.992057
489 0.999283
490 1.000000
491 0.993669
492 1.000000
493 1.000000
494 1.000000
495 1.000000
496 0.995102
497 1.000000
498 0.984906
499 1.000000
500 1.000000
501 0.833333
