10 0.974359
11 1.000000
12 0.958622
13 1.000000
14 0.998007
15 1.000000
16 1.000000
17 0.995212
18 1.000000
19 1.000000
20 1.000000
21 1.000000
22 1.000000
23 0.996789
24 1.000000
25 0.996608
26 1.000000
27 0.999581
28 0.998113
29 0.983914
30 1.000000
31 0.999936
32 0.985065
33 0.992212
34 1.000000
35 1.000000
36 0.986513
37 1.000000
38 1.000000
39 1.000000
40 0.991960
41 0.964083
42 0.992151
43 0.998817
44 0.982456
45 0.994107
46 0.998708
47 1.000000
48 0.980387
49 0.978471
50 0.988035
51 0.987952
52 1.000000
53 0.989797
54 0.983143
55 1.000000
56 0.992139
57 0.984848
58 0.989372
59 1.000000
60 0.941176
61 1.000000
62 1.000000
63 0.900000
64 1.000000
65 1.000000
66 0.857143
67 1.000000
68 1.000000
69 1.000000
448 1.000000
449 1.000000
450 1.000000
451 0.958333
452 1.000000
453 1.000000
454 0.937500
455 1.000000
456 1.000000
457 1.000000
458 1.000000
459 0.966667
460 1.000000
461 0.971337
462 1.000000
463 1.000000
464 1.000000
465 0.989845
466 0.966111
467 0.975578
468 1.000000
469 0.970879
470 1.000000
471 0.964784
472 0.973070
473 0.955376
474 1.000000
475 1.000000
476 1.000000
477 1.000000
478 1.000000
479 1.000000
480 0.986470
481 1.000000
482 0.979476
483 0.977016
484 1.000000
485 1.000000
486 1.000000
487 1.000000
488 0.995433
489 1.000000
490 0.994393
491 1.000000
492 0.995696
493 1.000000
494 0.992697
495 1.000000
496 1.000000
497 1.000000
498 1.000000
499 1.000000
500 1.000000
501 1.000000
