6 1.000000
7 0.935313
8 1.000000
9 1.000000
10 1.000000
11 1.000000
12 0.998218
13 1.000000
14 0.994776
15 1.000000
16 0.998230
17 1.000000
18 1.000000
19 1.000000
20 1.000000
21 1.000000
22 1.000000
23 0.997214
24 1.000000
25 1.000000
26 1.000000
27 0.995246
28 0.992758
29 1.000000
30 1.000000
31 0.999582
32 1.000000
33 0.988209
34 1.000000
35 1.000000
36 0.975234
37 1.000000
38 1.000000
39 0.988733
40 1.000000
41 1.000000
42 0.981720
43 1.000000
44 0.997112
45 0.988477
46 1.000000
47 1.000000
48 0.997895
49 0.969966
50 1.000000
51 1.000000
52 1.000000
53 1.000000
54 0.988372
55 1.000000
56 0.987952
57 1.000000
58 1.000000
59 0.983333
60 0.991553
61 1.000000
62 0.996798
63 0.983051
64 0.997061
65 0.982500
66 1.000000
67 1.000000
68 1.000000
69 1.000000
70 1.000000
71 1.000000
72 1.000000
73 1.000000
74 1.000000
75 1.000000
76 1.000000
77 0.968750
78 1.000000
79 1.000000
80 1.000000
81 1.000000
82 1.000000
83 0.944444
84 1.000000
85 1.000000
86 1.000000
88 0.000000
402 1.000000
404 1.000000
406 0.500000
407 1.000000
408 0.333333
409 1.000000
410 1.000000
411 1.000000
412 1.000000
413 1.000000
414 1.000000
415 1.000000
416 0.700000
417 1.000000
418 1.000000
419 0.940439
420 0.857143
421 0.916667
422 1.000000
423 0.941176
424 1.000000
425 1.000000
426 1.000000
427 1.000000
428 0.916667
429 0.967742
430 0.966667
431 1.000000
432 1.000000
433 1.000000
434 0.931034
435 0.962963
436 0.947368
437 0.972973
438 0.960000
439 1.000000
440 0.963971
441 1.000000
442 0.953488
443 0.988781
444 0.983051
445 0.980000
446 0.983607
447 1.000000
448 0.908224
449 1.000000
450 0.969379
451 0.983607
452 1.000000
453 0.991089
454 1.000000
455 0.990324
456 0.987952
457 1.000000
458 0.974735
459 1.000000
460 0.999457
461 0.973595
462 1.000000
463 0.997076
464 0.967211
465 1.000000
466 0.992050
467 1.000000
468 0.994483
469 0.986336
470 1.000000
471 0.993827
472 0.979977
473 0.999217
474 1.000000
475 1.000000
476 0.990269
477 0.995228
478 0.995551
479 1.000000
480 0.996148
481 1.000000
482 1.000000
483 0.990471
484 0.993886
485 0.989014
486 0.998850
487 0.986038
488 0.995781
489 0.998675
490 1.000000
491 1.000000
492 1.000000
493 1.000000
494 1.000000
495 1.000000
496 1.000000
497 1.000000
498 1.000000
499 1.000000
500 1.000000
501 1.000000
502 0.968473
503 1.000000
