33  0.9494949494949495
42  0.9914447523798048
44  0.9701383831026948
45  0.9905023009889358
46  1.0
47  0.9706062461726883
48  0.9680792515134837
49  1.0
50  1.0
51  0.9959298865359879
52  0.9702878365831012
53  0.9935197395532844
54  0.971558120362737
55  1.0
56  1.0
57  0.9966853354669105
58  0.9946197991391679
59  0.9917161856253537
60  0.9642521166509878
61  0.9705785123966942
62  0.9665746703465194
63  1.0
64  0.9835213474529334
65  0.9676366603209138
66  1.0
67  0.9674475955610358
68  0.9715605250364608
69  0.9806597142529263
70  1.0
71  0.9904356179259073
72  1.0
73  0.9557323541411669
74  0.9374120082815736
75  0.9205758058940936
76  0.9157308717167872
77  0.9847312622172248
78  0.9836021469215351
79  0.972457627118644
80  0.9957051643854945
81  0.983626162674414
82  0.9857927745184969
83  0.9835106157262684
84  0.9885631233398486
85  0.9674056673028923
86  0.9814748581867129
87  0.9996532834061438
88  0.9673810486588489
89  1.0
90  0.9687865782286383
91  0.9913988459304839
92  0.9894585200084882
93  0.9695772421967602
94  0.9799870616127447
95  0.9983971766781854
96  0.9800925520378666
97  0.9708328003070231
98  0.9795692737101093
99  1.0
100  0.9935578932940411
101  1.0
102  1.0
103  0.9898667109754286
104  0.991012434475192
105  1.0
106  0.9666108185734801
107  1.0
108  0.9918849844657385
109  0.9820182343077782
110  0.9804012820257971
111  0.9905175755634325
112  1.0
113  0.9927770925579208
114  0.9805700804771437
115  0.9910571426956064
116  0.9876287714564519
117  1.0
118  0.9771881991051454
119  0.9854595318331468
120  0.9817500692389545
121  0.9850396338059618
122  0.9884913694104345
123  1.0
124  1.0
125  0.9910279805352799
126  0.9920540297347594
127  1.0
128  0.9918535900990431
129  0.9834735539097413
130  0.9980245276764999
131  1.0
132  0.9823501199040767
133  0.979004135248423
134  0.9707745759247906
135  1.0
136  0.9792016500456246
137  0.9862418098802213
138  0.9862137210583724
139  0.9934235541518907
140  0.9848811283520046
141  1.0
142  0.9958049239579891
143  0.9744550979068197
144  0.9909137927428233
145  1.0
146  0.9939457726854122
147  0.9972464158250767
148  1.0
149  0.992460827145319
150  1.0
151  0.9732322309519459
152  0.9805151229014116
153  0.996857163675224
154  0.9913466972507563
155  0.9809437386569871
156  0.9860280866348661
157  0.9959969679889603
158  1.0
159  0.9798214390898611
160  1.0
161  1.0
162  0.9872157948737742
163  0.9958786264487798
164  0.9825980071005622
165  0.979599323172102
166  0.9689705007226048
167  0.9798555036124097
168  0.9726871513031893
169  0.9887248646327792
170  0.9944051654389408
171  0.9734535648070116
172  0.9886950741320408
173  1.0
174  0.972538567159357
175  0.9788440551179016
176  1.0
177  0.9953090933579511
178  1.0
179  0.9809048482258512
180  0.9943390276309513
181  0.9859030592415746
182  0.9843330844326447
183  1.0
184  0.9955555555555555
185  0.9997039773725742
186  1.0
187  1.0
188  0.9887939221272555
189  0.9776138823993554
190  0.9787416999516625
191  0.988265556099951
192  0.9786942333512944
193  0.9940517582340882
194  1.0
195  0.9861318102952732
196  0.9871535892318031
197  0.9916831045120674
198  0.9798286979703638
199  0.9711763894635222
200  0.9991671489480162
201  1.0
202  1.0
203  0.9776177886478525
204  0.987428792298985
205  0.9786009899577127
206  0.9791009078370588
207  0.9978308821507087
208  0.9873217618662455
209  0.9799151142210778
210  0.9982769081745073
211  0.9799545555682914
212  0.9856819711277544
213  0.9906399028873668
214  0.9957386363636364
215  0.9815507081276459
216  0.9882420118059436
217  0.9804254049916208
218  0.9884094518603591
219  0.9940247829367568
220  1.0
221  1.0
222  1.0
223  0.9956114762408729
224  0.9861583172622613
225  0.9925961430922366
226  0.9827155549993744
227  0.9881162002585334
228  0.9934024058876403
229  0.9847403823294969
230  0.9796975523705906
231  0.9938160058788535
232  0.9923747400868203
233  0.9840054818022994
234  1.0
235  0.9894557049011528
236  0.9791939807430542
237  0.9844972532752545
238  0.9946357650748495
239  1.0
240  0.9843088616813073
241  0.9894025974025975
242  0.9830861983083744
243  1.0
244  1.0
245  0.9920659329614554
246  0.9971375113126774
247  0.9908880455644458
248  0.9882817276530341
249  0.9834188883532945
250  0.9794709420939234
251  0.9930426572560673
252  0.9997221174234465
253  1.0
254  0.9990269817007515
255  0.9767159015507975
256  0.9942088115734099
257  0.9857941514048607
258  0.9983479406034101
259  0.987217757367011
260  0.9860577111547357
261  1.0
262  0.9999276672694394
263  0.9829249079291995
264  1.0
265  0.9972783263763866
266  0.9831383090344048
267  0.9925567944724253
268  1.0
269  0.983358342770857
270  0.9965485692737889
271  0.9939694673746654
272  0.9958615638161509
273  0.9785550201703271
274  0.9918487900858425
275  1.0
276  1.0
277  0.9925673008555885
278  1.0
279  0.9955068352775105
280  0.9967234048728106
281  0.9884679284355471
282  1.0
283  0.9795204051236223
284  1.0
285  1.0
286  0.9990250316017789
287  1.0
288  1.0
289  0.9879517513445566
290  0.99869200670377
291  0.9965373672472223
292  1.0
293  0.9832548561923159
294  1.0
295  1.0
296  0.9915907041409259
297  0.9896198988163369
298  1.0
299  0.9966609728671858
300  1.0
301  0.9862597952753155
302  0.9866249536367786
303  1.0
304  1.0
305  0.9951424772248748
306  0.9981977770069524
307  0.9965593306900622
308  0.9828215850685881
309  0.990700377797152
310  1.0
311  0.9890275546554562
312  1.0
313  0.9889746012109404
314  0.9921867309207323
315  0.989033819724252
316  0.9927210229097022
317  0.9918049644440328
318  0.9891131197297395
319  0.9903471798274718
320  0.9855978611042532
321  1.0
322  0.9873315991637418
323  0.9893663823166478
324  0.9920717780546491
325  0.9870438521296955
326  0.9855206816039024
327  0.9845825451605751
328  0.9965392735360457
329  0.9900142398625741
330  0.9962266848649142
331  1.0
332  0.9854657089207475
333  0.9942460857726345
334  0.9955186085321956
335  0.9857622105107706
336  0.9972053603018053
337  0.9973857809104685
338  0.989234127814827
339  0.9936260773363542
340  0.996958800023528
341  0.981353740122069
342  0.9993710609462751
343  1.0
344  1.0
345  0.9915729042484036
346  0.9844808615183431
347  0.9970542283172437
348  1.0
349  1.0
350  0.9987723428372133
351  0.993136356378298
352  1.0
353  0.998544781593112
354  1.0
355  0.9931342713065466
356  0.9982553482365155
357  1.0
358  1.0
359  0.9990976159999084
360  0.9948955166626035
361  0.9871386184198708
362  0.9940223495661007
363  0.9999084979469677
364  0.9982485078345135
365  1.0
366  0.9863383139756752
367  1.0
368  0.9811412224310297
369  1.0
370  1.0
371  0.9920248754030403
372  0.9979199650707821
373  0.9947925095437203
374  0.9900572551545925
375  0.9994691225424353
376  0.995342370065666
377  0.9929241157662964
378  1.0
379  0.9865562438168684
380  1.0
381  0.9935127152439694
382  1.0
383  0.990409705919088
384  0.9978726133995245
385  1.0
386  1.0
387  0.9979917021524395
388  0.9941880404859572
389  0.9871737541228337
390  0.9879796367945226
391  0.9909378565196967
392  0.9923702725249575
393  0.9802412192947353
394  0.9946109799183659
395  0.9864579805806111
396  0.997313273748447
397  0.9948875598086124
398  0.996039381069422
399  0.9969387815609397
400  0.9841568135944936
401  0.999104010555928
402  0.9931695414406546
403  1.0
404  0.9842134130709058
405  0.9900738559380653
406  0.9963970914338763
407  0.9963356710791309
408  1.0
409  0.9912812568937284
410  1.0
411  0.9997332596243073
412  0.9960128341676716
413  1.0
414  1.0
415  0.9963992704175075
416  0.9964879460240195
417  1.0
418  1.0
419  0.9876079417008836
420  0.9906754954563781
421  0.9965694155064044
422  0.9991037725816868
423  1.0
424  1.0
425  1.0
426  0.9837562370061439
427  0.9975484715122424
428  0.9979116437669975
429  1.0
430  0.9926826574681626
431  0.9957804765646006
432  1.0
433  0.9861265370103427
434  0.9946841027339588
435  0.9977581666203776
436  1.0
437  0.9926925257130559
438  0.9933469029271731
439  0.9929453473168148
440  0.990081237402157
441  1.0
442  0.9907671916812905
443  0.9955388959345858
444  1.0
445  0.9940928630019341
446  0.9907475123042732
447  0.9943366187366288
448  1.0
449  1.0
450  0.9910191291024995
451  0.9989791804002638
452  1.0
453  1.0
454  0.9948102673953572
455  1.0
456  1.0
457  0.9929371966694589
458  0.9875913384620697
459  1.0
460  0.9979885537888332
461  0.9995161073094085
462  0.9953707976012294
463  0.997935864976793
464  0.9965042870008921
465  1.0
466  1.0
467  1.0
468  1.0
469  0.9959559248387916
470  1.0
471  0.9999585867789255
472  1.0
473  1.0
474  0.9995866016041813
475  1.0
476  1.0
477  1.0
478  1.0
479  1.0
480  0.9922361772932706
481  1.0
482  1.0
483  0.9981946412904097
484  0.9998201801486871
485  1.0
486  1.0
487  1.0
488  1.0
489  1.0
490  1.0
491  1.0
492  1.0
493  1.0
494  1.0
495  0.9985334905712229
496  0.9963343699271562
497  1.0
498  1.0
499  1.0
500  1.0
501  1.0
502  0.9979335100861129
503  0.993766114474685
504  1.0
505  0.9939523591743624
506  1.0
507  1.0
508  0.9968490293964422
509  1.0
510  1.0
511  1.0
512  1.0
513  1.0
514  0.997707752148115
515  1.0
516  1.0
517  1.0
518  0.9958459478435445
519  0.997835120005588
520  0.9989521225335681
521  0.999396034443357
522  1.0
523  1.0
524  1.0
525  1.0
526  1.0
527  1.0
528  1.0
529  1.0
530  1.0
531  0.9943733941893227
532  1.0
533  0.9983237944674755
534  0.9969974687963691
535  1.0
536  0.9974405557409527
537  0.9996466184147939
538  0.9962072112648896
539  1.0
540  0.9935981192426392
541  0.9966749104835388
542  0.9946334331194772
543  1.0
544  0.9976170065688398
545  0.9922706993611938
546  0.9844328354752069
547  0.994774727636681
548  0.9861309717197384
549  0.9930717436861972
550  0.9913351637928874
551  0.9879424615098333
552  0.985397450328849
553  0.983213322597956
554  0.9863831995129116
555  0.981022677307252
556  0.9922445504042369
557  0.9917556699941631
558  0.9951141898397534
559  0.9852162161442689
560  0.9888009717358623
561  0.9841465294084452
562  0.9782513018141484
563  0.9773448920884344
564  0.9662230749493488
565  0.9862295606762308
566  0.9853417838802204
567  0.9971649986980272
568  0.986102692966843
569  0.9946932237980705
570  0.9997758632426591
571  0.9954743147498878
572  0.9932982383944511
573  0.9909987338745194
574  0.9849625878261223
575  0.9950932273838072
576  0.9919108405171975
577  0.9929547892871263
578  0.9897090680583673
579  0.9915251485534305
580  0.9915658931689637
581  0.9859963583946589
582  0.9998033097723588
583  0.988916802127974
584  0.9936685078640202
585  0.987736710545167
586  0.9946096490799465
587  0.9856811710195079
588  0.9911016152644662
589  0.9886147114516961
590  0.990518094451244
591  0.9932075710753768
592  0.9924945932984749
593  0.9919969245312324
594  0.9918341960804706
595  0.9935287756041516
596  0.9900039434072299
597  0.986691273864272
598  0.986104103594708
599  0.9930802183318393
600  0.9958443330341127
601  0.9895522130375773
602  0.9880558389234553
603  0.9906207476335244
604  0.9867241521013904
605  0.9890055715355436
606  0.9892890413637382
607  0.9897277127386608
608  0.9886441856719945
609  0.9914498889825396
610  0.9921562302817402
611  1.0
612  0.9924133067407293
613  0.9863194317703543
614  0.9928960163791
615  0.9884626312695401
616  0.9899477105136764
617  0.9905369584661049
618  0.9944104983269615
619  0.9900687319299919
620  0.9817696377858115
621  0.9929644120794837
622  0.9887716607157436
623  0.993076486666152
624  0.9929409220050835
625  0.9902081590997094
626  0.9896328424260703
627  0.9863252392226711
628  0.9949461405543533
629  0.9876648347475693
630  0.9900510998258891
631  0.9863484031684873
632  0.9853105786203387
633  0.9922902393074611
634  0.983546063984852
635  0.9887161513688552
636  0.9928636341717639
637  0.9831034331289205
638  0.9879997885020771
639  0.9705650608824947
640  1.0
