10  1.0
11  0.9746529873264936
12  0.9801715919923737
13  0.9899227506037785
14  1.0
15  0.9948418973296806
16  0.9915661292341343
17  0.9924879102385539
18  1.0
19  0.9971785639735322
20  0.995935060768638
21  0.9928575550525045
22  0.9975834407009989
23  1.0
24  0.9966195509967379
25  0.9968588534992675
26  1.0
27  1.0
28  0.9970133726189
29  1.0
30  0.9995272649460846
31  0.9962626867950921
32  0.9976037606684889
33  1.0
34  0.9988616108062336
35  1.0
36  0.9994617353904532
37  1.0
38  1.0
39  1.0
40  1.0
41  1.0
42  1.0
43  1.0
44  1.0
45  1.0
46  1.0
47  1.0
48  1.0
49  0.9993546336675088
50  1.0
51  0.9991357061118326
52  1.0
53  1.0
54  0.9979920998895061
55  0.996768890158878
56  1.0
57  1.0
58  0.9987820372573644
59  0.9965209898026275
60  1.0
61  0.9965829486672089
62  1.0
63  0.9976165267105382
64  1.0
65  0.9960522842321791
66  0.9974820414883756
67  0.9967926547925832
68  0.9998036993329533
69  0.9974529360056813
70  0.9962970722500156
71  0.9988814862219332
72  1.0
73  1.0
74  0.9981932534398907
75  0.9995749605613106
76  0.9977704226705234
77  0.9978288382626593
78  0.9984369863993664
79  1.0
80  0.9982773273709061
81  0.9990432049209658
82  0.9995340226720119
83  0.9989574143876814
84  0.9990015427599781
85  0.9994084593493244
86  0.9970786142925179
87  0.9988481353902864
88  1.0
89  1.0
90  1.0
91  0.9986611209566557
92  1.0
93  0.999244616958179
94  1.0
95  0.9979342533381274
96  1.0
97  1.0
98  0.9998650692363481
99  1.0
100  1.0
101  0.9990003299245773
102  1.0
103  0.9990911464327706
104  1.0
105  1.0
106  1.0
107  0.9998583100043771
108  1.0
109  1.0
110  1.0
111  1.0
112  0.9993867695954678
113  0.9997444820038734
114  1.0
115  0.9990816329038934
116  0.9990195946547473
117  0.9980737379360527
118  1.0
119  1.0
120  1.0
121  0.9981497030163329
122  0.9983350368459637
123  0.9986955128362498
124  0.9981293881395793
125  1.0
126  0.9991269207421637
127  0.9969448882434631
128  1.0
129  1.0
130  1.0
131  0.9974640394037111
132  1.0
133  0.9998632208882182
134  1.0
135  0.9975442998037138
136  0.9997950069513694
137  0.9987614046604985
138  0.9988746849856591
139  0.9974656390202812
140  1.0
141  0.9981130134962721
142  0.9990777848807572
143  0.9990088256969026
144  0.9994072519564766
145  1.0
146  0.9990268187943006
147  0.9977613844790019
148  0.9971796115265831
149  1.0
150  1.0
151  0.9973576810380913
152  1.0
153  0.9996272921406012
154  1.0
155  1.0
156  0.9998203254903728
157  1.0
158  1.0
159  1.0
160  1.0
161  1.0
162  0.9972724833815244
163  1.0
164  1.0
165  0.9970618525474041
166  0.9985865071841157
167  1.0
168  1.0
169  0.9989038511671755
170  1.0
171  1.0
172  0.9992171312912372
173  1.0
174  1.0
175  1.0
176  1.0
177  0.9994888913734448
178  1.0
179  1.0
180  1.0
181  1.0
182  1.0
183  0.9999671933213354
184  1.0
185  1.0
186  1.0
187  1.0
188  0.997779609028064
189  1.0
190  1.0
191  0.9976505714495485
192  1.0
193  0.9995359454507902
194  0.9998125490323134
195  0.9975860311670198
196  1.0
197  1.0
198  0.9995806829961171
199  1.0
200  0.9977736656450586
201  0.9976018465781349
202  0.9980365908076752
203  1.0
204  1.0
205  1.0
206  1.0
207  0.997648801855192
208  1.0
209  1.0
210  1.0
211  1.0
212  0.9973914177644451
213  1.0
214  1.0
215  1.0
216  1.0
217  1.0
218  1.0
219  1.0
220  1.0
221  1.0
222  1.0
223  1.0
224  1.0
225  1.0
226  1.0
227  1.0
228  1.0
229  1.0
230  1.0
231  1.0
232  0.9979661484366921
233  1.0
234  0.9975312995944278
235  0.9980369762295667
236  1.0
237  0.9975133474731223
238  1.0
239  1.0
240  1.0
241  1.0
242  1.0
243  0.9977404651525186
244  0.9981328769254707
245  1.0
246  1.0
247  1.0
248  1.0
249  0.9978099864617345
250  0.9981552775104267
251  0.997418773302741
252  0.9980422546700384
253  0.9977204907161804
254  1.0
255  0.9972893898975992
256  1.0
257  1.0
258  1.0
259  1.0
260  1.0
261  1.0
262  1.0
263  1.0
264  0.9974558591563629
265  1.0
266  1.0
267  1.0
268  1.0
269  1.0
270  1.0
271  0.997107987737868
272  1.0
273  1.0
274  1.0
275  1.0
276  1.0
277  1.0
278  1.0
279  1.0
280  1.0
281  0.9960017769880053
282  0.9974744285894683
283  0.9957352005092298
284  0.9963512994494943
285  0.9957893373064715
286  1.0
287  1.0
288  1.0
289  1.0
290  1.0
291  0.9960209688625024
292  1.0
293  0.9966484607745779
294  0.9964598472144587
295  1.0
296  0.9961205800050877
297  0.9950763792450448
298  0.9968911917098445
299  0.9965473145780052
300  1.0
301  1.0
302  1.0
303  1.0
304  1.0
305  1.0
306  1.0
307  1.0
308  1.0
309  1.0
310  1.0
311  1.0
312  0.999403667116156
313  1.0
314  1.0
315  1.0
316  1.0
317  1.0
318  1.0
319  1.0
320  1.0
321  0.9965791626385068
322  1.0
323  0.9953243283360547
324  0.9951136447767824
325  1.0
326  0.9946708915454414
327  0.9947475926466297
328  1.0
329  1.0
330  1.0
331  1.0
332  0.9960573476702509
333  1.0
334  1.0
335  1.0
336  1.0
337  1.0
338  1.0
339  1.0
340  1.0
341  1.0
342  1.0
343  1.0
344  0.9955281418658443
345  1.0
346  1.0
347  1.0
348  1.0
349  0.99568345323741
350  1.0
351  1.0
352  1.0
353  1.0
354  0.9960790227718292
355  0.9964614295824487
356  0.9957151601713936
357  0.9977074736359468
358  0.9971583570136916
359  0.9977703455964325
360  1.0
361  0.9981114258734656
362  0.9971023824855119
363  1.0
364  0.9978381717109327
365  0.996005326231691
366  0.9983617300131061
367  0.9964833759590793
368  1.0
369  0.9983454665784249
370  0.998408656906429
371  0.9977678571428571
372  0.9981412639405205
373  1.0
374  0.9966473636086559
375  0.9972826086956522
376  0.9975407316323394
377  0.996947496947497
378  1.0
379  1.0
380  0.9948186528497409
381  0.9981645763230346
382  0.9959093769666457
383  1.0
384  1.0
385  1.0
386  0.9964424320827943
387  1.0
388  1.0
389  0.9963050050386295
390  0.995987963891675
391  0.9966777408637874
392  1.0
393  0.9970807654881609
394  0.9968583097706566
395  0.9940569283703472
396  0.9969296898986798
397  1.0
398  1.0
399  0.9951191501579099
400  1.0
401  1.0
402  1.0
403  1.0
404  0.9938254280101039
405  1.0
406  0.9938271604938271
407  0.9929862422444025
408  1.0
409  1.0
410  1.0
411  1.0
412  0.9939600840336135
413  0.9934141201264489
414  1.0
415  1.0
416  1.0
417  0.9939105109875562
418  1.0
419  1.0
420  0.9940328194927897
421  1.0
422  1.0
423  1.0
424  1.0
425  1.0
426  1.0
427  1.0
428  1.0
429  1.0
430  1.0
431  0.9872611464968153
432  0.9891250617894216
433  1.0
434  1.0
435  1.0
436  1.0
437  0.9880645916218114
438  1.0
439  1.0
440  1.0
441  0.9891458235016517
442  1.0
443  1.0
444  0.9861332120936577
445  1.0
446  0.9997581035316885
447  1.0
448  1.0
449  1.0
450  0.9984933634044441
451  0.9940043433103578
452  1.0
453  0.9866174434702354
454  0.997115672759964
455  0.9999483230840783
456  0.9983152173913044
457  0.9958323178162319
458  1.0
459  1.0
460  0.9912559618441972
461  1.0
462  1.0
463  1.0
464  1.0
465  1.0
466  1.0
467  1.0
468  1.0
469  0.9891532421822119
470  1.0
471  0.9893957179364904
472  1.0
473  1.0
474  1.0
475  1.0
476  1.0
477  1.0
478  1.0
479  0.973088423750534
480  1.0
481  1.0
482  1.0
483  1.0
484  1.0
485  1.0
486  1.0
487  1.0
488  1.0
489  1.0
490  1.0
491  1.0
492  1.0
493  0.9865953012504737
494  1.0
495  1.0
496  0.9968512845691596
497  1.0
498  1.0
499  1.0
500  1.0
501  1.0
502  1.0
503  1.0
504  1.0
505  1.0
506  1.0
507  0.989636620862848
508  1.0
509  1.0
510  1.0
511  1.0
512  1.0
513  1.0
514  1.0
515  1.0
516  1.0
517  1.0
518  1.0
519  1.0
520  0.9781954710965947
521  1.0
522  1.0
523  1.0
524  1.0
525  1.0
526  0.9992891187696383
527  1.0
528  1.0
529  1.0
530  1.0
531  1.0
532  1.0
533  1.0
534  1.0
535  1.0
536  1.0
537  1.0
538  1.0
539  1.0
540  1.0
541  1.0
542  1.0
543  0.9508495138968945
544  0.9967248397510878
545  1.0
546  1.0
547  1.0
548  0.9868565883891555
549  1.0
550  1.0
551  0.9765057492477022
552  0.9885404960878819
553  0.9755230505798854
554  0.9669500000424109
555  1.0
556  1.0
557  0.9437344962856493
558  0.9991527314068616
559  0.9531235457751213
560  0.9889258825553086
561  0.9451576950692829
562  0.9748406220424399
563  0.9984123856685624
564  1.0
565  1.0
566  0.955166039479765
567  0.982850804215197
568  1.0
569  0.9317971283001389
570  0.9831726703872822
571  0.9538129546482894
572  0.9605997975529307
573  0.9512743933610851
574  1.0
575  0.9487505191748581
576  0.9557833084510426
577  0.9985693489282667
578  1.0
579  1.0
580  0.9957621743336029
581  1.0
582  1.0
583  1.0
584  1.0
585  1.0
586  1.0
587  1.0
588  1.0
589  1.0
590  1.0
591  1.0
592  1.0
593  1.0
594  1.0
595  1.0
596  1.0
597  1.0
598  1.0
599  1.0
600  1.0
601  1.0
602  1.0
603  1.0
604  1.0
605  1.0
606  1.0
607  1.0
608  1.0
609  1.0
610  1.0
611  1.0
612  1.0
613  1.0
614  1.0
615  1.0
616  1.0
617  1.0
618  1.0
619  1.0
620  1.0
621  1.0
622  1.0
623  1.0
624  1.0
625  1.0
626  1.0
627  1.0
