8  0.9337461115099306
9  0.9419767907162865
10  0.92947712361654
11  1.0
12  0.9856768256481298
13  0.9763942005131432
14  1.0
15  1.0
16  0.9678677720090505
17  1.0
18  0.9877953830347397
19  0.9777016999844386
20  0.9890178416767712
21  0.997438779225302
22  0.9774685222001326
23  0.9839888607278076
24  0.9788573273079406
25  0.9853055009379167
26  0.9779103514995163
27  0.9892483625294626
28  1.0
29  0.9761081420936812
30  1.0
31  0.9798432250839866
32  0.9796217802412781
33  0.9899220759377627
34  0.9784693019343986
35  0.9875206611570247
36  0.9969512985050135
37  0.9877747355631195
38  0.9783595113438045
39  0.9894644424934153
40  1.0
41  0.9921862943229837
42  0.9993428396390531
43  0.9812357846853677
44  0.9926093609172274
45  1.0
46  0.9911130811376418
47  0.9943048173264907
48  0.9969879456813323
49  0.982069771974274
50  0.9855180096546602
51  1.0
52  0.9866986883428782
53  0.9871888726207906
54  0.9858772406300923
55  0.9877594465141033
56  1.0
57  0.9883701043270053
58  0.9986722062164758
59  0.9976481028132786
60  1.0
61  1.0
62  0.9970943408159035
63  0.9893459603432968
64  0.9900216919739696
65  1.0
66  1.0
67  0.9987109837304473
68  0.998470910548824
69  0.9982221109302616
70  0.9983458760543461
71  1.0
72  1.0
73  1.0
74  0.9971901150627616
75  0.9956363636363637
76  0.98802780638517
77  0.9988953819840365
78  0.9963400251831097
79  0.9956250000000001
80  1.0
81  0.9857854452678897
82  0.9963022289275986
83  0.9899151395892264
84  0.9888769285970578
85  0.9972690763052208
86  0.9891291218746225
87  0.9873055382700685
88  0.9902390188962583
89  0.987628355808487
90  0.9895448954489545
91  0.991225932244699
92  0.989234305068344
93  0.9882855399633923
94  1.0
95  0.987871581450654
96  0.9911771534710936
97  0.9907046132660087
98  0.999442104566804
99  1.0
100  0.9905307201057036
101  0.9905805038335159
102  0.9927097353073127
103  0.991348890153671
104  1.0
105  0.9940862708719852
106  1.0
107  1.0
108  0.9931565440547476
109  1.0
110  0.9941490053309062
111  1.0
112  0.9964705882352941
113  0.9947528307097487
114  1.0
115  0.9947368421052631
116  1.0
117  0.9947291361639824
118  0.9943961067689131
119  0.9935820895522388
120  0.9941791044776119
121  1.0
122  0.9944394349263601
123  1.0
124  1.0
125  1.0
126  1.0
127  0.9955947136563876
128  0.996116504854369
129  0.9959415584415584
130  1.0
131  1.0
132  0.9958010335917312
133  0.9966953073364178
134  0.995177918190888
135  0.9954058192955589
136  0.9960474308300395
137  0.9972798367902074
138  0.9955479452054794
139  0.9972686923864801
140  1.0
141  1.0
142  0.996026947659354
143  1.0
144  0.9960951366702165
145  1.0
146  0.9959663276043493
147  0.9965211341102801
148  1.0
149  1.0
150  0.9964260185847034
151  0.997812613926358
152  1.0
153  1.0
154  1.0
155  0.9975974866013676
156  0.9972747093023255
157  0.9966530308664932
158  0.996386458729555
159  0.9966298445983898
160  0.9979075518356477
161  0.9975664545114189
162  0.9974796432725863
163  1.0
164  0.9970748829953198
165  1.0
166  0.99706457925636
167  0.9968823070927514
168  1.0
169  0.9968633601254656
170  1.0
171  0.997410358565737
172  1.0
173  0.9980011992804317
174  0.9984054215666733
175  1.0
176  0.9980244962465429
177  0.9973932223781833
178  1.0
179  0.9971556277935798
180  1.0
181  0.9975932611311673
182  0.9977633184221228
183  0.9971717171717172
184  0.9961097461097461
185  0.9961382113821138
186  0.997507270461155
187  1.0
188  0.9966365356317006
189  0.9980940279542567
190  0.9974968710888611
191  0.9985074626865672
192  1.0
193  0.9962794543199669
194  0.9974779319041615
195  1.0
196  0.9972445951674438
197  0.9988891357476116
198  0.9980250164581962
199  1.0
200  0.9982887700534759
201  0.9963401506996771
202  0.9984416740872663
203  0.9987250318742031
204  0.9979624179307222
205  1.0
206  0.998278088678433
207  0.9975051031980041
208  0.9986372927549398
209  0.9972362966374942
210  0.9979016087666123
211  0.9985888993414863
212  0.998342803030303
213  1.0
214  1.0
215  0.9978134110787172
216  0.99900174694285
217  0.9985832349468713
218  0.9984825493171472
219  0.9987471811576046
220  0.99800796812749
221  0.997789240972734
222  0.9970311726867888
223  0.9975235264982665
224  0.9970450627924157
225  0.9984856133266027
226  1.0
227  0.9982473710565849
228  1.0
229  0.999002493765586
230  0.9987360970677452
231  1.0
232  0.9967556775642625
233  0.9979617834394905
234  0.99768875192604
235  0.9977249747219413
236  0.9979476654694716
237  0.9982495623905977
238  0.9987322515212982
239  0.9982332155477032
240  0.9984829329962074
241  0.9984080657999469
242  0.9969088098918083
243  1.0
244  0.9982037464716449
245  0.9977232481659499
246  0.9989834815756036
247  0.9992313604919293
248  0.9984423676012462
249  0.9976738175239079
250  0.998176133402814
251  1.0
252  0.9987303199593702
253  0.9987172909184197
254  0.998450012916559
255  0.9981574098446959
256  0.9986595174262735
257  0.998146186440678
258  0.9986316365626711
259  0.9980879541108987
260  0.9967069154774972
261  1.0
262  0.997867803837953
263  0.9981116806042623
264  0.9978302142663412
265  0.9983031674208145
266  0.9975382932166302
267  0.9981040086673889
268  0.9963245688436528
269  0.9980910826288519
270  0.999169205206314
271  0.9964354263778448
272  0.9972260748959778
273  0.9980716253443526
274  0.998840579710145
275  0.9991554054054054
276  0.9991511035653651
277  0.9985939257592801
278  0.9980074010816966
279  0.998015873015873
280  0.9980124929017604
281  0.9979429914781075
282  1.0
283  1.0
284  0.9980978260869565
285  0.9956116291826659
286  0.9973411326774794
287  0.9946265448683503
288  0.9947575360419397
289  0.9922984356197353
290  1.0
291  0.9936915887850467
292  1.0
293  0.9922836287799791
294  1.0
295  1.0
296  0.9920590951061865
297  1.0
298  0.9940436796823295
299  1.0
300  1.0
301  0.9957752429235319
302  1.0
303  1.0
304  1.0
305  0.9931228861330327
306  0.9930848190167477
307  1.0
308  1.0
309  1.0
310  1.0
311  1.0
312  1.0
313  1.0
314  1.0
315  1.0
316  1.0
317  1.0
318  1.0
319  1.0
320  1.0
321  1.0
322  0.9934687479589838
323  0.9957621677154231
324  1.0
325  0.9996903490998104
326  1.0
327  1.0
328  1.0
329  1.0
330  1.0
331  1.0
332  1.0
333  1.0
334  1.0
335  1.0
336  0.9991415821398589
337  1.0
338  1.0
339  1.0
340  1.0
341  0.9983293117438097
342  1.0
343  1.0
344  1.0
345  1.0
346  1.0
347  0.9992542917929478
348  1.0
349  1.0
350  1.0
351  1.0
352  1.0
353  1.0
354  1.0
355  0.9933189231676164
356  1.0
357  1.0
358  1.0
359  1.0
360  1.0
361  1.0
362  1.0
363  1.0
364  0.9926061997703789
365  1.0
366  1.0
367  1.0
368  1.0
369  1.0
370  1.0
371  1.0
372  1.0
373  0.9964163227231828
374  1.0
375  1.0
376  1.0
377  1.0
378  0.9963694180039512
379  1.0
380  0.995554007598885
381  1.0
382  1.0
383  1.0
384  1.0
385  1.0
386  0.9958717924010024
387  1.0
388  0.9924396975879035
389  1.0
390  1.0
391  1.0
392  1.0
393  1.0
394  1.0
395  1.0
396  1.0
397  1.0
398  1.0
399  1.0
400  1.0
401  1.0
402  1.0
403  1.0
404  1.0
405  1.0
406  1.0
407  1.0
408  1.0
409  1.0
410  1.0
411  1.0
412  1.0
413  1.0
414  0.9973425756334907
415  1.0
416  1.0
417  0.9964349376114082
418  1.0
419  0.9992333000778069
420  1.0
421  1.0
422  1.0
423  1.0
424  1.0
425  1.0
426  1.0
427  1.0
428  1.0
429  1.0
430  1.0
431  1.0
432  0.9977946841074803
433  1.0
434  0.9990831712184007
435  0.9986185146409317
436  1.0
437  1.0
438  0.9952830111844011
439  0.9963003756817185
440  1.0
441  1.0
442  1.0
443  1.0
444  1.0
445  1.0
446  1.0
447  1.0
448  1.0
449  1.0
450  1.0
451  1.0
452  1.0
453  1.0
454  1.0
455  1.0
456  1.0
457  1.0
458  1.0
459  0.9959288116132207
460  0.9994741908432467
461  1.0
462  1.0
463  1.0
464  1.0
465  1.0
466  1.0
467  1.0
468  1.0
469  1.0
470  1.0
471  1.0
472  1.0
473  0.9964916925145285
474  1.0
475  1.0
476  1.0
477  1.0
478  1.0
479  1.0
480  1.0
481  1.0
482  1.0
483  1.0
484  1.0
485  1.0
486  1.0
487  1.0
488  1.0
489  1.0
490  1.0
491  1.0
492  1.0
493  1.0
494  1.0
495  1.0
496  1.0
497  1.0
498  1.0
499  1.0
500  1.0
501  1.0
502  1.0
503  1.0
504  1.0
505  1.0
506  1.0
507  1.0
508  1.0
509  1.0
510  1.0
511  1.0
512  1.0
513  1.0
514  1.0
515  0.9995352237374242
516  1.0
517  1.0
518  1.0
519  1.0
520  1.0
521  1.0
522  1.0
523  1.0
524  1.0
525  1.0
526  1.0
527  1.0
528  1.0
529  1.0
530  1.0
531  1.0
532  1.0
533  1.0
534  1.0
535  1.0
536  1.0
537  1.0
538  1.0
539  0.9957231424700704
540  1.0
541  0.9998381735377797
542  1.0
543  0.9962136821472951
544  1.0
545  1.0
546  0.9947307215499771
547  1.0
548  1.0
549  1.0
550  1.0
551  1.0
552  1.0
553  1.0
554  1.0
555  1.0
556  1.0
557  1.0
558  1.0
559  0.9967868857457964
560  1.0
561  0.9961323993753185
562  0.9993213940072307
563  1.0
564  1.0
565  1.0
566  1.0
567  1.0
568  1.0
569  1.0
570  1.0
571  1.0
572  1.0
573  1.0
574  1.0
575  1.0
576  1.0
577  1.0
578  1.0
579  1.0
580  1.0
581  1.0
582  1.0
583  1.0
584  1.0
585  1.0
586  1.0
587  1.0
588  1.0
589  1.0
590  1.0
591  1.0
592  1.0
593  1.0
594  1.0
595  1.0
596  1.0
597  1.0
598  1.0
599  1.0
600  1.0
601  1.0
602  1.0
603  1.0
604  1.0
605  1.0
606  1.0
607  1.0
608  1.0
609  1.0
610  1.0
611  1.0
612  1.0
613  1.0
614  1.0
615  1.0
616  1.0
617  1.0
618  1.0
619  1.0
620  1.0
621  1.0
622  1.0
623  1.0
624  1.0
625  1.0
626  1.0
627  1.0
628  1.0
629  1.0
630  1.0
631  1.0
632  0.9996491306313378
633  1.0
634  1.0
635  1.0
636  1.0
637  0.9846215728165771
638  1.0
639  0.9651896947039091
