3  1.0
4  0.997283826903299
5  1.0
6  1.0
7  0.9864344142235844
8  0.9852346198088137
9  0.9894112200531959
10  0.9889845694170132
11  0.991649780182957
12  0.9928378433833753
13  0.991794543149642
14  0.9972133505719145
15  0.9945761445762665
16  0.9968102479240768
17  0.9981177819968657
18  0.9970577116940201
19  0.9978424364037619
20  0.9971842217218878
21  0.9974239188360041
22  0.9968395969754019
23  0.9993637091123232
24  0.9979791665777429
25  0.9994667880556751
26  0.9968159285473811
27  0.9990150573645205
28  0.9994481142673863
29  1.0
30  0.9970618862378963
31  0.9992929027576686
32  1.0
33  1.0
34  0.9983024661403297
35  1.0
36  1.0
37  0.9993874218151625
38  0.9994195971823854
39  1.0
40  0.9989695621770255
41  1.0
42  0.9981555681378987
43  0.9999017045062336
44  1.0
45  0.9989339850325369
46  0.9985145611621967
47  1.0
48  0.9998483987077554
49  1.0
50  0.9998727015617063
51  1.0
52  1.0
53  1.0
54  1.0
55  1.0
56  1.0
57  0.9991107234951704
58  1.0
59  1.0
60  1.0
61  1.0
62  1.0
63  1.0
64  1.0
65  1.0
66  1.0
67  1.0
68  1.0
69  1.0
70  0.9996026954094555
71  0.9983157689995403
72  1.0
73  1.0
74  1.0
75  1.0
76  1.0
77  1.0
78  0.9999801162302355
79  1.0
80  1.0
81  1.0
82  1.0
83  0.9995605385497576
84  1.0
85  1.0
86  0.9978180549235862
87  1.0
88  1.0
89  1.0
90  1.0
91  0.9999511241362363
92  1.0
93  1.0
94  1.0
95  1.0
96  1.0
97  1.0
98  1.0
99  0.998762764279481
100  1.0
101  1.0
102  1.0
103  0.9982995308491067
104  1.0
105  1.0
106  1.0
107  0.9990700578925747
108  1.0
109  1.0
110  1.0
111  0.9979606644846261
112  1.0
113  0.9999047826729025
114  0.9998541545817419
115  1.0
116  0.9960841387517488
117  0.9988324961859115
118  0.9983092594177331
119  0.9991370422039269
120  1.0
121  1.0
122  1.0
123  1.0
124  1.0
125  0.9965335592362146
126  0.9995739195460049
127  1.0
128  0.9996198579703222
129  0.9988933512167327
130  1.0
131  1.0
132  0.9974070181186566
133  1.0
134  0.9998767283721754
135  1.0
136  0.9990040342768479
137  1.0
138  1.0
139  0.9977730298421138
140  1.0
141  1.0
142  1.0
143  0.9963174672969111
144  0.9993871782560048
145  0.9977360421717982
146  1.0
147  1.0
148  0.9981009820386606
149  0.9978420026045804
150  1.0
151  0.9980281608479605
152  1.0
153  1.0
154  0.9976511989785175
155  1.0
156  1.0
157  0.9953799306989605
158  0.9991108883280369
159  0.9989927184140536
160  0.9988678293998077
161  0.9989499556522968
162  0.9955373954959704
163  1.0
164  0.9996371398828172
165  1.0
166  0.9959447041431939
167  1.0
168  0.9962733422449063
169  0.9959234350750129
170  1.0
171  1.0
172  1.0
173  1.0
174  0.9953574744661096
175  0.9999199026015635
176  1.0
177  0.9978632871439459
178  1.0
179  0.9982917803764669
180  1.0
181  0.9974186578877758
182  0.9946646925178056
183  0.9973634180355634
184  1.0
185  0.9974860175589927
186  0.9977343858902331
187  0.9951821160146463
188  0.9974330199486633
189  1.0
190  0.9978903812917271
191  1.0
192  1.0
193  0.9982411840299372
194  0.9999862390927716
195  1.0
196  0.9944590533433508
197  1.0
198  1.0
199  0.9970337246658345
200  1.0
201  1.0
202  0.9963728743335429
203  0.9969781993587268
204  0.9944648774625833
205  1.0
206  0.9934878085718613
207  0.9976973508809456
208  0.9947330620062246
209  0.9972464228345588
210  0.9943434174138942
211  0.9980876908959249
212  0.9941834846214859
213  0.9941010981032762
214  0.9985665722833948
215  0.9991894973887212
216  1.0
217  0.9947411837492266
218  0.9953787315414852
219  0.9991704663671616
220  0.9945123769758425
221  1.0
222  1.0
223  1.0
224  1.0
225  0.9945192422256642
226  0.9957530714394054
227  0.9957692307692307
229  0.9968684759916493
