34  1.0
35  0.9918032786885246
36  1.0
37  0.9957537154989384
38  1.0
39  0.9967948717948718
40  1.0
41  1.0
42  0.9939903846153846
43  0.9990059642147118
44  0.9981024667931688
45  1.0
46  0.9992716678805535
47  0.9986568166554735
48  1.0
49  0.9982558139534884
50  0.9971878515185602
51  0.9994874423372629
52  0.9980787704130644
53  0.9982118909253465
54  1.0
55  1.0
56  0.9992526158445441
57  0.9992803166606693
58  0.9989662301860786
59  0.9986923831317424
60  0.9996939087848179
61  0.9991199765327076
62  0.9985536592421175
63  0.9986580783682233
64  0.9986866298923036
65  0.9986951983298539
66  0.9987608426270136
67  0.9988112220637185
68  0.9986326344576116
69  0.9986651835372636
70  0.9993377483443708
71  0.9993530299762777
72  0.9979053204859657
73  0.9993861264579497
74  0.9976368649074439
75  0.9982476635514018
76  0.9990236281976177
77  0.9988262910798122
78  0.9988553987027852
79  0.9996203492786636
80  0.9992567818654775
81  0.9990647212869435
82  1.0
83  0.9994591671173607
84  0.9987167736021998
85  1.0
86  0.9996457669146298
87  0.9992764109985528
88  0.9992987377279102
89  0.999291157185894
90  0.9992958986093997
91  0.9986099044309297
92  0.9992999649982499
93  0.9987772925764192
94  0.999115670321896
95  0.9991164516699064
96  0.9992825112107623
97  0.9994695898161244
98  0.9993019197207679
99  1.0
100  0.9994688385269122
101  0.9991258741258742
102  1.0
103  0.9994634233589698
104  0.9989397420038876
105  1.0
106  0.9992927864214993
107  0.9996372869060574
108  0.9996402230617017
109  0.9992710041917259
110  0.9996305873660879
111  0.9998137455764574
112  0.9983391769699207
113  0.9994236311239193
114  0.9994270435446906
115  0.9990386464141511
116  0.9982850609756098
117  0.9994440326167532
118  0.999419054996127
119  0.9996111219132802
120  1.0
121  0.9997980206018986
122  1.0
123  0.9998038446449589
124  0.9986119373388855
125  0.9983749746089783
126  0.9993861264579497
127  0.9991692627206646
128  0.9991582491582491
129  0.9986910994764397
130  0.9991224221149627
131  0.9982627578718783
132  0.9990855052583447
133  0.9988301357042583
134  0.9985239852398524
135  0.9989860583016477
136  0.9991907202589695
137  0.9983646770237122
138  0.9985795454545454
139  0.9994031632348552
140  0.9990794722307457
141  0.999384236453202
142  1.0
143  1.0
144  0.9997014034040012
145  0.9997245937758193
146  0.9992205767731879
147  0.9997475385003787
148  0.9995106435037925
149  0.9995047052996533
150  0.9992579767499382
151  0.9992892679459844
152  0.9992720213540403
153  0.9992826398852224
154  0.9997492477432297
155  0.9989949748743718
156  0.9992445227902291
157  0.9997390396659708
158  0.9992140424417082
159  1.0
160  0.9989860583016477
161  0.9997314715359829
162  0.999475890985325
163  0.9992012779552716
164  0.999458141425088
165  0.9994544462629569
166  0.9991573033707866
167  0.9997287032013022
168  0.9994331065759637
169  0.9994324631101021
170  1.0
171  0.9988732394366198
172  0.999438832772166
173  0.9994131455399061
174  0.9997059688326962
175  0.9991240875912408
176  0.9997147746719909
177  0.9994029850746269
178  0.9996960486322188
179  0.9993848046754845
180  0.9981884057971014
181  0.9993849938499385
182  0.9993784959602238
183  0.9996786632390745
184  0.9993575329264375
185  0.9993548387096775
186  0.9993498049414824
187  0.9990306946688207
188  0.9987042436022028
189  0.9993337774816788
190  0.9993337774816788
191  0.9993160054719562
192  0.9989672977624785
193  0.9983606557377049
194  0.9989565217391304
195  0.9989747095010253
196  0.9993055555555556
197  0.9996513249651325
198  1.0
199  0.9989466292134831
200  0.9996314043494287
201  1.0
202  1.0
203  1.0
204  1.0
205  0.9992625368731564
206  0.9988851727982163
207  0.999622783855149
208  0.9996105919003115
209  1.0
210  0.9996073812328229
211  0.9979854955680902
212  1.0
213  0.9991850040749797
214  0.9991915925626516
215  1.0
216  0.99958796868562
217  0.9983864461476402
218  1.0
219  0.9991896272285251
220  0.9991830065359477
221  1.0
222  1.0
223  0.9995561473590768
224  0.9995852343425964
225  1.0
226  0.9986713906111603
227  0.999089667728721
228  0.9995456610631531
229  0.9990714948932219
230  0.99950884086444
231  0.9985408560311284
232  0.9984544049459042
233  0.9994736842105263
234  0.9994475138121547
235  1.0
236  0.9987849331713244
237  0.9968010236724248
238  0.9986291980808774
239  0.9968968192397207
240  0.9983700081499592
241  0.9991356957649092
242  1.0
243  0.999137187230371
244  0.9983007646559049
245  1.0
246  0.9992553983618764
247  1.0
248  0.9987987987987988
249  1.0
250  1.0
251  0.9988732394366198
252  0.9994750656167979
253  0.9989327641408752
254  0.9983731019522777
255  1.0
256  0.9994597514856834
257  0.9988826815642458
258  0.9988901220865705
259  0.9994493392070485
260  0.998840579710145
261  0.9994246260069045
262  0.9994279176201373
263  1.0
264  1.0
265  1.0
266  1.0
267  1.0
268  0.9987893462469734
269  1.0
270  0.9994259471871412
271  1.0
272  0.9993853718500307
273  0.9987849331713244
274  0.9993769470404984
275  0.9993975903614458
276  0.9993552546744036
277  1.0
278  0.9993421052631579
279  0.9986789960369881
280  1.0
281  0.9993224932249323
282  1.0
283  0.9979253112033195
284  0.9993065187239945
285  1.0
286  0.9992721979621543
287  0.9992531740104555
288  0.9985390796201608
289  1.0
290  0.9977761304670126
291  0.998567335243553
292  1.0
293  0.9992254066615027
294  0.9992325402916347
295  1.0
296  1.0
297  1.0
298  1.0
299  0.9985454545454545
300  1.0
301  1.0
302  1.0
303  0.9992716678805535
304  0.998472116119175
305  1.0
306  0.9992242048099301
307  1.0
308  0.9992163009404389
309  1.0
310  1.0
311  0.9992429977289932
312  0.9983700081499592
313  0.9992012779552716
314  1.0
315  1.0
316  1.0
317  0.99836867862969
318  1.0
319  0.9991394148020654
320  0.9991525423728813
321  1.0
322  0.9991624790619765
323  0.9991843393148451
324  0.9982832618025751
325  1.0
326  0.9991582491582491
327  0.9991554054054054
328  0.9964850615114236
329  1.0
330  0.9991039426523297
331  1.0
332  0.9991319444444444
333  0.9990749306197965
334  0.9990950226244344
335  0.9990403071017274
336  1.0
337  0.9990439770554493
338  1.0
339  1.0
340  0.9970443349753695
341  1.0
342  0.9980694980694981
343  1.0
344  0.9990706319702602
345  0.9989701338825953
346  0.9990186457311089
347  0.998997995991984
348  1.0
349  1.0
350  1.0
351  0.9968253968253968
352  0.9990069513406157
353  1.0
354  1.0
355  1.0
356  0.9989733059548255
357  1.0
358  1.0
359  1.0
360  0.9988938053097345
361  1.0
362  1.0
363  0.9967177242888403
364  1.0
365  1.0
366  0.9988558352402745
367  0.9988597491448119
368  1.0
369  0.9976470588235294
370  0.9975932611311673
371  0.9977064220183486
372  1.0
373  1.0
374  0.9988925802879292
375  0.9987608426270136
376  0.9987593052109182
377  1.0
378  0.9987096774193548
379  1.0
380  1.0
381  0.9986431478968792
382  0.9974587039390089
383  1.0
384  0.9974587039390089
385  0.998589562764457
386  0.9958563535911602
387  0.9986282578875172
388  0.9985507246376811
389  0.9985119047619048
390  1.0
391  0.998567335243553
392  0.9986648865153538
393  0.9986376021798365
394  1.0
395  0.9944598337950139
396  1.0
397  1.0
398  0.9986111111111111
399  1.0
400  1.0
401  1.0
402  0.9986449864498645
403  0.9986111111111111
404  1.0
405  1.0
406  0.9986033519553073
407  0.9985915492957746
408  0.9984917043740573
409  1.0
410  1.0
411  0.9985422740524781
412  1.0
413  0.9984894259818731
414  0.998533724340176
415  1.0
416  0.9970149253731343
417  1.0
418  1.0
419  0.9985380116959064
420  1.0
421  0.9970014992503748
422  1.0
423  1.0
424  0.9984025559105432
425  0.9968652037617555
426  1.0
427  1.0
428  1.0
429  1.0
430  1.0
431  0.9961832061068703
432  0.99609375
433  1.0
434  1.0
435  1.0
436  1.0
437  0.9978494623655914
438  0.9957356076759062
439  0.9976635514018691
440  1.0
441  0.9977220956719818
442  0.9979381443298969
443  0.9979838709677419
444  0.9980353634577603
445  1.0
446  1.0
447  0.9945652173913043
448  1.0
449  0.99644128113879
450  1.0
451  0.9980276134122288
452  0.9982517482517482
453  1.0
454  1.0
455  0.998211091234347
456  0.9980842911877394
457  1.0
458  1.0
459  1.0
460  1.0
461  1.0
462  1.0
463  0.9980544747081712
464  1.0
465  0.9981060606060606
466  0.9981343283582089
467  0.9979757085020243
468  0.9961089494163424
469  1.0
470  1.0
471  1.0
472  0.9914346895074947
473  0.9955947136563876
474  1.0
475  1.0
476  1.0
477  1.0
478  0.9974554707379135
479  0.9973684210526316
480  0.997134670487106
482  1.0
