2  0.8097747116918698
3  0.8564545393458617
4  0.8906245819399465
5  0.9055631651168505
6  0.9077474866273698
7  0.9138055421233579
8  0.9205170434151854
9  0.9261304746007224
10  0.9328933328375485
11  0.9367584134751383
12  0.9350217932634195
13  0.9387266901165692
14  0.9414995124203208
15  0.9444307166999629
16  0.945021375480537
17  0.947731267219971
18  0.9527571731518293
19  0.9518028807135899
20  0.9516404873550224
21  0.952499767895283
22  0.9512473812085314
23  0.9582483523932239
24  0.9575375699464131
25  0.9636697176979215
26  0.960547756171389
27  0.9608779686887232
28  0.9595186973648637
29  0.9661478411105493
30  0.969421437563316
31  0.9663868844979036
32  0.9686198032212276
33  0.9696603373324565
34  0.9736274999601722
35  0.9678878266603081
36  0.9734654743323273
37  0.9772531556548836
38  0.973120943194676
39  0.9734403689312097
40  0.9759590568936194
41  0.9723824448531814
42  0.9759476238325874
43  0.9814585926036927
44  0.9784699652404981
45  0.9803472820200373
46  0.9836808136339185
47  0.9802679948857852
48  0.9834751129462945
49  0.9763267435871494
50  0.9809087512693783
51  0.9851850087717915
52  0.9840951550345683
53  0.979165634837468
54  0.9852680057947198
55  0.9782494565339082
56  0.9813546073579098
57  0.9896845865902142
58  0.9827834028886194
59  0.9870397909037616
60  0.9838161605631821
61  0.9902262506690775
62  0.9869430467097328
63  0.9918257345650763
64  0.9887423947476018
65  0.9820412149431297
66  1.0
67  0.9902568609113483
