204  1.0
205  1.0
206  1.0
207  0.9937096225773546
208  0.9720670391061452
209  0.981081081081081
210  1.0
211  1.0
212  0.9718969555035128
213  0.9733924611973392
214  0.9618834080717489
215  0.9960474308300395
216  1.0
217  0.996615811373093
218  1.0
219  1.0
220  1.0
221  1.0
222  1.0
223  0.9707112970711297
224  1.0
225  1.0
226  0.9638095238095238
227  0.9759704251386322
228  0.9684601113172542
229  1.0
230  0.9903654485049834
231  0.9850422096549464
232  1.0
233  1.0
234  0.9915116489073506
235  0.9703557312252964
236  1.0
237  1.0
238  0.9940992971774345
239  0.9734848484848485
240  0.9939676332321006
241  0.9767441860465116
242  1.0
243  1.0
244  1.0
245  0.997456294514846
246  1.0
247  0.9870686625904842
248  1.0
249  1.0
250  1.0
251  0.9835779175401816
252  1.0
253  0.981322192184812
254  0.9841918381244225
255  0.9785422058946315
256  1.0
257  1.0
258  0.9898325358851675
259  1.0
260  1.0
261  1.0
262  0.966183574879227
263  1.0
264  1.0
265  1.0
266  1.0
267  0.9987872908076644
268  1.0
269  1.0
270  0.9800853485064012
271  0.9735219251056235
272  1.0
273  1.0
274  0.9669876203576341
275  1.0
276  1.0
277  0.9873799725651577
278  1.0
279  1.0
280  0.9794336810730253
281  0.9685362517099864
282  1.0
283  0.9903478085679224
284  0.9818028976907481
285  1.0
286  1.0
287  1.0
288  0.9724784072610161
289  1.0
290  0.995730211171004
291  1.0
292  1.0
293  1.0
294  0.9598997493734336
295  0.9707379134860051
296  1.0
297  0.9985294117647059
298  1.0
299  0.9782667144649579
300  1.0
301  1.0
302  1.0
303  0.9919149919149919
304  1.0
305  0.9858615511801724
306  0.9631449631449631
307  0.9986139986139987
308  0.9934231869525467
309  1.0
310  1.0
311  0.9762252211532253
312  1.0
313  0.9695982627578719
314  1.0
315  1.0
316  1.0
317  1.0
318  1.0
319  1.0
320  1.0
321  1.0
322  0.9708560306201095
323  1.0
324  0.9907171969097877
325  1.0
326  0.991264367816092
327  1.0
328  0.9978983243396762
329  1.0
330  1.0
331  1.0
332  0.9778633301251203
333  0.9693486590038314
334  0.9943142681811921
335  0.9756043334141805
336  0.9934115423106861
337  0.9817711907049083
338  1.0
339  0.9825783972125436
340  1.0
341  1.0
342  0.9890444920932726
343  0.9900635342789598
344  1.0
345  0.9789814814814815
346  0.9881483188696137
347  0.9835863345098174
348  0.9814669607122437
349  1.0
350  1.0
351  1.0
352  1.0
353  0.9744964675114536
354  0.9713114754098361
355  1.0
356  1.0
357  1.0
358  1.0
359  1.0
360  1.0
361  1.0
362  0.9917455017621962
363  0.9929600000000001
364  0.9907162927757893
365  1.0
366  0.9910939361201142
367  1.0
368  0.9880511494654461
369  1.0
370  1.0
371  1.0
372  1.0
373  1.0
374  1.0
375  1.0
376  1.0
377  1.0
378  0.9850572043604596
379  1.0
380  0.9987739872068231
381  1.0
382  0.9751344086021505
383  1.0
384  0.9873282343790512
385  1.0
386  0.9867944709560639
387  1.0
388  1.0
389  1.0
390  0.9830288751486594
391  1.0
392  0.9917009815795241
393  1.0
394  0.9940884167237835
395  0.9961750614003301
396  0.9788474721508141
397  0.98805294105425
398  1.0
399  0.9786044511342866
400  0.9925530336745291
401  1.0
402  1.0
403  0.9766658849542698
404  1.0
405  1.0
406  1.0
407  1.0
408  0.9901319789357503
409  1.0
410  0.9833206049774432
411  1.0
412  0.9845009513924926
413  0.9907474057533168
414  1.0
415  0.9881076347801392
416  0.9942786581601152
417  0.9889897416617434
418  1.0
419  0.9885530055381435
420  1.0
421  0.9983489827856026
422  0.9991082802547772
423  1.0
424  1.0
425  1.0
426  1.0
427  1.0
428  0.9957072038008814
429  0.9968832220198339
430  1.0
431  1.0
432  0.9921273999871573
433  0.9963635047853383
434  1.0
435  1.0
436  1.0
437  0.9957955590592563
438  1.0
439  1.0
440  0.9890198797965788
441  0.9971894458847189
442  1.0
443  0.9896931235715712
444  1.0
445  0.9989234138916732
446  1.0
447  0.9989914187926786
448  0.9811055768759696
449  1.0
450  1.0
451  0.9890092437496122
452  0.991390608875129
453  1.0
454  1.0
455  1.0
456  1.0
457  1.0
458  1.0
459  1.0
460  1.0
461  1.0
462  1.0
463  1.0
464  1.0
465  1.0
466  1.0
467  1.0
468  0.998067446298142
469  0.9955684272497611
470  1.0
471  1.0
472  1.0
473  0.998626712674829
474  0.9993571165094588
475  1.0
476  1.0
477  1.0
478  1.0
479  1.0
480  0.9867839373118286
481  0.9928303602443858
482  1.0
483  0.9894805731606503
484  0.9927934810287752
485  1.0
486  0.9982805946212683
487  1.0
488  1.0
489  0.9929975411778648
490  0.99119549578613
491  1.0
492  0.9857481598577286
493  0.9940502967114708
494  0.9848203133194122
495  1.0
496  1.0
497  1.0
498  0.9947689811909827
499  1.0
500  0.9994654799241144
501  1.0
502  1.0
503  0.9921684576007812
504  1.0
505  1.0
506  0.9999238957003694
507  0.9970316853452283
508  0.9973915997159096
509  1.0
510  1.0
511  1.0
512  0.9986654126079809
513  0.9865219630453078
514  1.0
515  1.0
516  1.0
517  1.0
518  0.996075417284488
519  0.9939271877971401
520  0.9916320538919534
521  1.0
522  0.9940967051415219
523  0.9948172590139914
524  0.9932764752968748
525  1.0
526  0.9886417253328583
527  0.9980642663569492
528  1.0
529  1.0
530  0.9908563018464008
531  1.0
532  0.9971763125834814
533  0.9930572941483676
534  1.0
535  0.9929802931941206
536  0.9905099167164072
537  0.9899533736939752
538  1.0
539  0.995293586149165
540  0.9949143606993255
541  0.9934549757322795
542  1.0
543  0.9958703129823662
544  0.9954345789411679
545  1.0
546  0.9991617992460119
547  0.9955899594969091
548  0.9765423355257208
549  1.0
550  0.9888803711168144
551  1.0
552  1.0
553  0.9825777855046972
554  1.0
555  1.0
556  0.984482937712463
557  0.9899293151934331
558  1.0
559  0.9943646216967112
560  0.9956166287218001
561  1.0
562  1.0
563  1.0
564  0.9822814395404531
565  0.9877499133248584
566  1.0
567  0.9962791553292183
568  0.9987151881498229
569  0.9998742039204768
570  1.0
571  1.0
572  1.0
573  1.0
574  1.0
575  1.0
576  0.999141427701226
577  0.9943800299931769
578  1.0
579  1.0
580  0.9928426163226316
581  0.9952684681154755
582  0.9990339613319865
583  0.9929830032745984
584  0.9957018353110354
585  1.0
586  1.0
587  1.0
588  1.0
589  0.987066934684569
590  0.9918948253458687
591  0.9965959372485922
592  0.9997605838071779
593  0.9905339508607055
594  0.9988371689402616
595  0.999424263026049
596  0.9927348629089713
597  0.993869793153384
598  0.9980065073815073
599  1.0
600  1.0
601  0.9993345926338397
602  0.9953013344249033
603  0.9964078957469168
604  0.9953626677050516
605  0.9981544272286365
606  0.9976345816108096
607  1.0
608  0.9852098523717177
609  0.9970442762648233
610  0.9892032105170236
611  1.0
612  0.9870874838502178
613  0.9881827890104203
614  0.9922752912740415
615  0.9970946971250462
616  0.9947294366405213
617  0.9935575607252822
618  0.9981101371450934
619  0.9979811711236456
620  0.9862154120967725
621  0.995812908496732
622  1.0
623  1.0
624  0.9908077591198611
625  1.0
626  0.9863722684355525
627  0.9896131122546218
628  0.9814555088047373
629  1.0
630  1.0
631  0.9926421404682274
632  0.9966412213740458
633  0.9871225071225072
634  1.0
635  0.9817351598173516
