2 1.000000
3 1.000000
4 1.000000
5 0.985021
6 1.000000
7 1.000000
8 1.000000
9 1.000000
10 1.000000
11 1.000000
12 1.000000
13 1.000000
14 0.991489
15 1.000000
16 1.000000
17 0.966822
18 1.000000
19 1.000000
20 1.000000
21 0.976410
22 1.000000
23 1.000000
24 0.989655
25 0.967033
26 1.000000
27 1.000000
472 1.000000
473 1.000000
474 1.000000
475 1.000000
476 1.000000
477 1.000000
478 1.000000
479 1.000000
480 1.000000
481 1.000000
482 1.000000
483 1.000000
484 1.000000
485 1.000000
486 0.991436
487 0.999537
488 1.000000
489 1.000000
490 1.000000
491 1.000000
492 0.978214
493 1.000000
494 1.000000
495 1.000000
496 1.000000
497 1.000000
498 0.972724
499 1.000000
500 1.000000
501 1.000000
502 1.000000
503 0.995816
504 1.000000
505 0.990379
506 1.000000
507 1.000000
508 1.000000
509 1.000000
