405  0.9989677419354839
407  0.9995119570522206
408  0.9988000959923207
409  0.9981277790779312
410  0.9988095238095238
411  0.9991015274034142
412  1.0
413  0.9995804489196559
414  0.9995737425404945
415  0.9991823385118561
416  0.998417095370004
417  1.0
418  0.9983531564501372
419  1.0
420  0.9987757957327738
421  0.9983481995374959
422  0.9987525339154841
423  0.9985103530463281
424  0.9984454494064443
425  0.9979530567685589
426  1.0
427  0.9979146221786065
428  0.9987738267751645
429  0.9991267328894226
430  1.0
431  0.998274209012464
432  0.9985231678050581
433  0.9985400206114737
434  0.9984394250513347
435  0.9979805825242718
436  0.9984328358208955
437  1.0
438  1.0
439  0.9988522604093605
440  0.9983744732089103
441  0.9983977212034894
442  0.9984212900315742
443  0.9986000430755977
444  0.9985151049667179
445  0.9975766567754698
446  0.998046502763484
447  0.9984972998356422
448  1.0
449  0.998502032955275
450  0.998014531936465
451  1.0
452  0.9983326716951171
453  1.0
454  1.0
455  0.9986813186813187
456  1.0
457  1.0
458  1.0
459  1.0
460  1.0
461  1.0
462  1.0
463  0.9989038521766364
464  1.0
465  0.9985763184200164
466  1.0
467  1.0
468  0.9985101659266183
469  0.9986821749842434
470  1.0
471  0.9983370749147751
472  1.0
473  1.0
474  0.9986091050125715
475  1.0
476  1.0
477  1.0
478  1.0
479  0.9986504723346828
480  0.9987043524161429
481  0.9988148007680091
482  1.0
483  1.0
484  0.9984051036682615
485  1.0
486  1.0
487  0.9985984431938245
488  0.9986537835197047
489  1.0
490  1.0
491  1.0
492  0.9988551918055835
493  1.0
494  1.0
495  1.0
496  0.9985210794199558
497  1.0
498  1.0
499  1.0
500  1.0
501  1.0
502  1.0
503  1.0
504  1.0
505  1.0
506  0.9988655516660184
507  1.0
508  0.9997903758279945
509  1.0
510  1.0
511  1.0
512  1.0
513  1.0
514  1.0
515  0.9998721237013519
516  1.0
517  1.0
518  0.998490880233133
519  1.0
520  1.0
521  0.9997272238808358
522  1.0
523  0.9996681623213421
524  1.0
525  0.9994167459150376
526  1.0
527  1.0
528  1.0
529  0.9996665496722141
530  1.0
531  0.9984696939387877
532  0.9994974846647956
533  1.0
534  0.9994286745135511
535  0.9994729104193509
536  0.9993547149603501
537  1.0
538  1.0
539  1.0
540  1.0
541  1.0
542  1.0
543  0.9999962119756048
544  0.9992061667741395
545  1.0
546  1.0
547  1.0
548  0.998973668671624
549  0.9999681146936923
550  0.9997711728097306
551  1.0
552  1.0
553  1.0
554  0.9998541451142264
555  1.0
556  1.0
557  0.9997574639611942
558  0.9997292434359428
559  1.0
560  1.0
561  1.0
562  1.0
563  1.0
564  1.0
565  1.0
566  1.0
567  1.0
568  0.9998349390818106
569  1.0
570  1.0
571  1.0
572  1.0
573  1.0
574  1.0
575  1.0
576  1.0
577  1.0
578  1.0
579  1.0
580  1.0
581  1.0
582  1.0
583  1.0
584  1.0
585  1.0
586  1.0
587  1.0
588  1.0
589  1.0
590  1.0
591  1.0
592  1.0
593  1.0
594  1.0
595  1.0
596  1.0
597  1.0
598  1.0
599  1.0
600  1.0
601  1.0
602  1.0
603  1.0
604  1.0
605  1.0
606  1.0
607  1.0
608  1.0
609  1.0
610  1.0
611  1.0
612  1.0
613  1.0
614  1.0
615  1.0
616  1.0
617  1.0
618  1.0
619  1.0
620  1.0
621  1.0
622  1.0
623  1.0
624  1.0
625  1.0
626  1.0
627  1.0
628  1.0
629  1.0
630  1.0
631  1.0
632  0.9995253147714822
633  1.0
634  1.0
635  1.0
636  1.0
637  1.0
638  0.9998588803992182
639  0.9959455904802407
640  1.0
