65  0.9809885931558935
68  0.9930313588850174
69  0.993103448275862
72  0.9944903581267218
73  1.0
74  1.0
75  1.0
77  1.0
78  0.9838972431077695
79  1.0
80  0.9723320158102767
81  1.0
82  0.973621103117506
83  0.9955377955377955
84  1.0
85  0.9919999999999999
86  1.0
87  0.9899364406779662
88  0.9712901016699153
89  0.9681389902510756
90  0.9565217391304348
91  1.0
92  0.9552238805970149
93  0.989010989010989
94  0.9618138424821002
95  0.9851229930770364
96  1.0
97  1.0
98  1.0
99  1.0
100  1.0
101  1.0
102  0.9997414350355527
103  1.0
104  0.9564749082007344
105  0.9382422802850356
106  0.9551282051282052
107  0.9815211356967246
108  0.9440715883668904
109  1.0
110  1.0
111  0.9445628997867804
112  1.0
113  0.9541984732824428
114  0.9588477366255144
115  1.0
116  0.9519038076152304
117  1.0
118  0.9762082896902589
119  1.0
120  0.9533980582524272
121  1.0
122  0.9590163934426229
123  1.0
124  0.953708362684915
125  1.0
126  1.0
127  0.9455645161290323
128  0.9744472395074805
129  1.0
130  0.9567798950566143
131  0.9702924440915707
132  1.0
133  1.0
134  0.9728052640346494
135  0.9791034203602509
136  1.0
137  0.9615578142296468
138  1.0
139  1.0
140  1.0
141  1.0
142  0.9681574239713775
143  0.9966218966218966
144  0.9996736596736597
145  0.9904588823262154
146  0.9863312118235018
147  1.0
148  1.0
149  1.0
150  1.0
151  0.9671720500988794
152  0.9783390174209605
153  1.0
154  0.974022633744856
155  1.0
156  0.9491228070175438
157  1.0
158  1.0
159  0.9701214174247327
160  0.9498207885304659
161  0.9997556903782726
162  0.9802238233941437
163  1.0
164  1.0
165  1.0
166  0.9642857142857143
167  1.0
168  0.9487603305785124
169  1.0
170  1.0
171  0.9599196200219219
172  1.0
173  1.0
174  0.9449081803005008
175  1.0
176  1.0
177  1.0
178  1.0
179  1.0
180  1.0
181  0.9877300613496933
182  0.9833930744187577
183  1.0
184  1.0
185  1.0
186  1.0
187  1.0
188  0.983132530120482
189  1.0
190  0.9974545454545455
191  0.9924455825864276
192  1.0
193  0.95326278659612
194  1.0
195  1.0
196  0.9979302922427354
197  0.993381037567084
198  0.9608108108108108
199  0.986654128539911
200  0.9968471810089021
201  1.0
202  1.0
203  1.0
204  0.9788901601830663
205  1.0
206  0.9781264057579848
207  0.9702741566676882
208  0.9625369773499933
209  0.9735725308641976
210  1.0
211  1.0
212  1.0
213  1.0
214  0.9755936161930712
215  1.0
216  1.0
217  1.0
218  0.9890170742962621
219  0.9696029516582114
220  0.9796589274707211
221  1.0
222  1.0
223  0.9994985793080393
224  0.9895489548954894
225  0.9990451280773862
226  0.9992662264025082
227  1.0
228  1.0
229  1.0
230  1.0
231  1.0
232  0.9730167969399633
233  1.0
234  1.0
235  0.9714285714285714
236  1.0
237  1.0
238  0.9959286615024319
239  1.0
240  0.9976689976689976
241  1.0
242  0.9835294117647059
243  1.0
244  0.9797250483171062
245  0.9771010166962036
246  1.0
247  1.0
248  0.9621380846325167
249  1.0
250  1.0
251  0.9939609662454008
252  0.9827149652396633
253  1.0
254  0.995736861447997
255  1.0
256  0.9824561403508772
257  0.9898459383753501
258  1.0
259  1.0
260  0.9663865546218486
261  0.9598345864661654
262  1.0
263  0.9921429747982211
264  1.0
265  0.982833505687694
266  1.0
267  0.996775899421709
268  1.0
269  0.9492063492063492
270  1.0
271  0.9982964658021866
272  0.9557344064386318
273  1.0
274  0.9915439530043992
275  1.0
276  1.0
277  0.9745153272576635
278  1.0
279  1.0
280  0.9881624376609854
281  1.0
282  0.9839764551994767
283  0.9705425380028555
284  1.0
285  0.9921798631476051
286  0.976733888821801
287  0.9616087751371115
288  1.0
289  1.0
290  0.9709662065683009
291  1.0
292  0.9975218314845409
293  0.9854631658988235
294  0.9885971376488383
295  1.0
296  0.9707040689364415
297  0.9867529026727967
298  0.9719958184955083
299  0.9986562150055991
300  1.0
301  0.9992702039839684
302  0.9896140590554847
303  0.985347406564699
304  1.0
305  1.0
306  0.9906505214626663
307  0.998821034849858
308  0.9745569084669269
309  1.0
310  1.0
311  0.989785330339525
312  1.0
313  0.9618564204004703
314  0.9727887403858279
315  0.9979110713219935
316  1.0
317  1.0
318  0.9838812639642516
319  0.9549207355738745
320  0.475812115286633
321  0.6547202797202797
322  0.9633581752484192
323  0.9008113880570724
324  0.5177760968229955
325  0.8025626092020967
326  1.0
327  1.0
328  1.0
329  0.9797760899517423
330  0.9673249155777418
331  0.9649484536082474
332  1.0
333  0.9959476550602689
334  1.0
335  1.0
336  0.988278500774182
337  0.989720586861041
338  1.0
339  0.9958198489751888
340  1.0
341  1.0
342  1.0
343  0.9842007757772245
344  0.9933419289383019
345  0.9698052528140074
346  1.0
347  0.9909224250325945
348  1.0
349  0.9897140118776635
350  1.0
351  0.9811423144756478
352  1.0
353  1.0
354  1.0
355  0.9988340653928497
356  0.9811640211640212
357  1.0
358  0.9696796872569657
359  0.9827862667421241
360  1.0
361  0.982682876370584
362  1.0
363  1.0
364  0.9950395385954731
365  1.0
366  0.993383919560423
367  1.0
368  0.9736316840004202
369  0.9792232582042435
370  1.0
371  0.9840674789128397
372  1.0
373  0.9857579999348937
374  1.0
375  0.9903154710458082
376  0.9754466868316226
377  0.967670011148272
378  1.0
379  0.9828622884391053
380  0.9961843711843713
381  0.9974855102048602
382  1.0
383  0.9734513274336283
384  1.0
385  0.9874950203171062
386  1.0
387  0.9966385711418824
388  0.9700845665961946
389  1.0
390  0.9781110004977601
391  0.9752842577270059
392  0.9955180225992664
393  0.997756644009452
394  1.0
395  1.0
396  0.9755467734477916
397  1.0
398  1.0
399  1.0
400  1.0
401  0.9703363830352317
402  1.0
403  1.0
404  1.0
405  1.0
406  0.9894257050194036
407  1.0
408  1.0
409  0.9790051984877127
410  0.9896505983703336
411  1.0
412  0.9757844087570844
413  1.0
414  1.0
415  1.0
416  1.0
417  1.0
418  0.9828299754985972
419  1.0
420  1.0
421  0.9880059272132012
422  1.0
423  0.993428264178585
424  1.0
425  1.0
426  0.9896172996697826
427  0.9946312817617166
428  0.9959861359323674
429  1.0
430  1.0
431  0.9869721753969741
432  0.9944700014527142
433  0.9832686699632307
434  0.9885150944472978
435  0.9956328675058672
436  0.9988370819336936
437  0.9987545410834491
438  0.9876996246960107
439  1.0
440  1.0
441  0.9893594145597059
442  0.9833180287725742
443  1.0
444  1.0
445  0.9947210398297355
446  1.0
447  1.0
448  1.0
449  1.0
450  1.0
451  1.0
452  0.9959644475254389
453  0.9895689906955397
454  0.9914196335468495
455  1.0
456  0.9961658351642251
457  0.9762830793905373
458  0.9781401221188526
459  1.0
460  0.9874348841386744
461  0.9887007989349579
462  1.0
463  1.0
464  0.990625725563037
465  1.0
466  0.9880858842582942
467  1.0
468  1.0
469  0.9884587386671961
470  1.0
471  1.0
472  0.9878796888162134
473  1.0
474  1.0
475  0.9887180235674033
476  0.9924745492961612
477  0.9983703028681223
478  0.9987878036370167
479  0.997649097190444
480  1.0
481  1.0
482  0.9921260505819718
483  0.9853874198821913
484  1.0
485  1.0
486  0.9836183878184311
487  1.0
488  0.9853678216208668
489  1.0
490  0.9821699371346685
491  0.9967221739464552
492  1.0
493  1.0
494  1.0
495  0.9915508883907944
496  1.0
497  0.9972815222216276
498  0.99859933984972
499  1.0
500  1.0
501  0.9859984816011717
502  0.9958744524857823
503  0.9886987984097915
504  0.990283750934929
505  1.0
506  1.0
507  1.0
508  0.978331576232027
509  0.9932851368288249
510  0.9915350660022545
511  1.0
512  0.990144891147018
513  1.0
514  1.0
515  0.9984199703701676
516  0.9827266880476244
517  1.0
518  0.9926700747590614
519  0.999971467701438
520  1.0
521  1.0
522  0.9885679639376818
523  1.0
524  1.0
525  1.0
526  1.0
527  0.9959238972651789
528  0.9953937028547563
529  0.9981888745148771
530  1.0
531  0.9866360610964159
532  1.0
533  0.9953969272618187
534  0.9870052066313748
535  0.993721669936053
536  1.0
537  0.9946338342625113
538  0.9943668281502318
539  1.0
540  0.9957775511007122
541  0.9844701944297659
542  0.9906961348082801
543  0.994472007130235
544  0.9883473018096466
545  0.9844684188013878
546  1.0
547  0.9850998852341029
548  0.9890734919922167
549  1.0
550  1.0
551  0.9901562236647108
552  0.9955005718973792
553  0.9961965395288729
554  0.9977335812649903
555  0.9963017141958372
556  0.9880313096896971
557  0.9922424740808594
558  0.9980809368161502
559  1.0
560  1.0
561  0.9845143241266138
562  0.9988470317508192
563  1.0
564  1.0
565  0.9973990727128803
566  0.9948380774573073
567  0.9957560345682442
568  0.9881481501404659
569  0.9947684721361602
570  0.9943755689764598
571  0.9969506295256768
572  0.9950099019436702
573  1.0
574  0.9922223057455711
575  0.9999622688107129
576  1.0
577  1.0
578  0.9880345057986086
579  0.9843255700458207
580  0.9989963390271179
581  0.9923250322026621
582  0.992343719707354
583  0.9981773076177144
584  0.9995914235258334
585  0.9978708241472765
586  0.9945504664500935
587  1.0
588  0.9913548409073424
589  1.0
590  0.9968556303755514
591  1.0
592  0.9965068524341667
593  0.9965243902439025
594  0.9881281821553639
595  0.9938355153707052
596  0.9967849036784153
597  0.9954499234145525
598  0.9966513127047328
599  0.995848132114524
600  1.0
601  1.0
602  1.0
603  1.0
604  0.9985262963986368
605  0.993317489742364
606  1.0
607  0.9877804964704184
608  1.0
609  0.9937555886736216
610  0.9933642986510178
611  0.9919866508125148
612  0.9909184122800463
613  1.0
614  0.9961935120048937
615  0.9930623715558549
616  0.999602511004055
617  0.9924880210847414
618  0.9924756676311218
619  0.9996375659255085
620  0.9872862648258316
621  0.988374673238309
622  0.9996685383037635
623  0.9944280737879481
624  0.9938120861485348
625  0.9923675941346599
626  0.99839110560812
627  0.9952334669205267
628  0.9923473718311593
629  0.9863953810561878
630  0.9988780882948562
631  0.9860962199729031
632  1.0
633  0.9840303670095684
634  0.9923744929006085
635  0.9862772629058852
636  0.9872775749145075
637  1.0
638  0.974301895192783
639  0.9239931045290707
640  0.9056016597510373
