8 1.000000
9 1.000000
10 0.998852
11 1.000000
12 1.000000
13 0.997109
14 0.991904
15 0.985281
16 0.975535
17 0.979299
18 0.979516
19 0.984891
20 0.992894
21 0.991835
22 1.000000
23 0.988276
24 1.000000
25 0.989089
26 0.987783
27 0.977721
28 1.000000
29 1.000000
30 0.996810
31 0.994756
32 0.987179
33 0.990227
34 1.000000
35 0.981545
36 0.980575
37 0.993903
38 0.985499
39 0.987822
40 0.993958
41 0.989362
42 0.972356
43 0.985310
44 0.990779
45 0.998137
46 1.000000
47 0.979839
48 0.965352
49 0.997576
50 0.972167
51 0.980000
52 0.951923
53 1.000000
54 1.000000
55 0.963551
56 0.957725
57 1.000000
58 0.960784
59 0.998302
60 1.000000
61 0.999351
62 1.000000
63 0.990659
64 0.968750
65 1.000000
66 1.000000
67 1.000000
68 1.000000
69 1.000000
414 1.000000
418 1.000000
420 1.000000
421 1.000000
422 1.000000
423 1.000000
424 1.000000
425 1.000000
426 1.000000
427 1.000000
428 1.000000
429 0.875000
430 1.000000
431 1.000000
432 0.923077
433 1.000000
434 1.000000
435 0.933333
436 1.000000
437 0.962963
438 1.000000
439 0.926829
440 0.975610
441 0.940299
442 0.957143
443 0.988628
444 0.966667
445 0.989130
446 0.971005
447 0.960784
448 1.000000
449 0.992053
450 0.966605
451 0.989011
452 1.000000
453 0.975170
454 1.000000
455 1.000000
456 1.000000
457 0.978363
458 0.991592
459 0.956363
460 0.982379
461 0.989255
462 1.000000
463 0.976724
464 0.989863
465 0.979277
466 0.981956
467 0.996027
468 0.985584
469 0.987387
470 0.975337
471 1.000000
472 0.964012
473 0.976525
474 0.979839
475 0.998106
476 0.983182
477 0.990711
478 1.000000
479 0.984830
480 0.993413
481 0.986221
482 1.000000
483 0.987221
484 1.000000
485 1.000000
486 0.988018
487 0.999722
488 0.991143
489 1.000000
490 0.989335
491 1.000000
492 0.999788
493 1.000000
494 0.994378
495 0.999150
496 0.991501
497 0.988990
498 1.000000
499 1.000000
500 1.000000
501 1.000000
