2 0.894002
3 1.000000
4 1.000000
5 1.000000
6 1.000000
7 0.994727
8 1.000000
9 1.000000
10 1.000000
11 0.996700
12 1.000000
13 0.996799
14 0.994605
15 0.989254
16 1.000000
17 1.000000
18 1.000000
19 1.000000
20 1.000000
21 1.000000
22 1.000000
23 0.995622
24 0.977429
25 1.000000
26 0.997909
27 0.967634
28 0.981082
29 0.998612
30 0.984064
31 0.994557
32 0.994424
33 0.980736
34 1.000000
35 1.000000
36 1.000000
37 0.989011
38 1.000000
39 0.991697
40 0.992050
41 0.958029
42 1.000000
43 0.982527
44 1.000000
45 1.000000
46 1.000000
47 0.986147
48 1.000000
49 1.000000
50 1.000000
51 1.000000
52 1.000000
459 1.000000
460 1.000000
461 1.000000
462 1.000000
463 0.954622
464 0.956250
465 1.000000
466 1.000000
467 1.000000
468 0.970105
469 1.000000
470 1.000000
471 0.994615
472 1.000000
473 0.959235
474 1.000000
475 0.975232
476 0.981997
477 1.000000
478 0.998947
479 0.979802
480 1.000000
481 0.988016
482 0.950350
483 0.981125
484 1.000000
485 1.000000
486 1.000000
487 1.000000
488 0.970506
489 1.000000
490 0.990533
491 1.000000
492 0.996987
493 1.000000
494 1.000000
495 1.000000
496 1.000000
497 0.984967
498 0.984983
499 1.000000
500 1.000000
501 1.000000
502 1.000000
503 1.000000
504 1.000000
505 1.000000
506 1.000000
507 1.000000
508 1.000000
509 1.000000
