163  1.0
167  0.9794908062234795
168  0.9775280898876404
169  0.9833620195065979
170  0.9768844221105528
171  0.9769673704414588
172  1.0
173  1.0
174  0.981675392670157
175  0.9967506758048221
176  0.9844267726971504
177  0.9818796068796068
178  0.9956684633490717
179  1.0
180  0.9764425622022234
181  0.9981134068128577
182  0.9960574244696807
183  0.9805761676123963
184  0.9964380288987392
185  1.0
186  0.9977165403769196
187  1.0
188  0.9777188328912467
189  1.0
190  1.0
191  1.0
192  0.9754427742223545
193  0.9901308823629867
194  0.978520935290919
195  0.9880269999373552
196  0.9767412463658197
197  0.993374546248533
198  0.9974928799725353
199  1.0
200  1.0
201  0.9930415263748598
202  1.0
203  1.0
204  1.0
205  0.9749024570283665
206  0.9733430142101441
207  0.9754588986432562
208  1.0
209  0.986029845291333
210  0.9942588638058436
211  1.0
212  1.0
213  1.0
214  0.9847231682397586
215  1.0
216  1.0
217  1.0
218  0.9809460275104037
219  0.9983662714097497
220  0.9811074852953026
221  0.9882561142244882
222  1.0
223  1.0
224  0.979893986890852
225  0.9825062244991071
226  0.9984566121185317
227  0.9831219892608509
228  0.9807123626252372
229  0.9828124080287245
230  0.9806563076112721
231  0.9819503004749441
232  0.9967240038032674
233  0.9809607519812876
234  0.9822005178128141
235  0.9881227317716925
236  0.9755253607899401
237  1.0
238  0.9984260422894373
239  0.9983208319477118
240  0.9977099896024954
241  0.9906585663287659
242  0.9821611023987987
243  0.974915200757277
244  0.9919966747895255
245  1.0
246  1.0
247  0.9955312097564426
248  1.0
249  0.9876613281908904
250  0.9950400263152722
251  1.0
252  1.0
253  0.979928625192994
254  0.9995643002098359
255  0.9808153920975529
256  0.9967763471626132
257  0.9926856570455802
258  0.981783447041959
259  0.9772520473157416
260  0.9892206639608653
261  0.9876603639521572
262  0.9870872031761254
263  0.9939403175102555
264  0.9825836187735786
265  0.9815137221056599
266  0.9839644718884937
267  0.9868985041796824
268  0.9978052437412457
269  0.9963942537990158
270  0.994917895325889
271  1.0
272  0.9812898089171975
273  1.0
274  0.9867372040461949
275  0.9938696359314401
276  0.9984665162361241
277  0.9836048093003689
278  0.9968410880735822
279  0.9929246102136187
280  1.0
281  0.9995789232793638
282  0.9848486958547399
283  0.9868799651264661
284  0.9806181112440732
285  0.998280669676836
286  0.9852285915137543
287  0.9822227327453809
288  0.991504786036036
289  1.0
290  0.9899836464973466
291  0.9956764243704272
292  1.0
293  0.9930395151515152
294  0.9860326351680468
295  1.0
296  0.9925395597619664
297  1.0
298  0.9954177502303015
299  1.0
300  1.0
301  0.9970422893750099
302  0.9850399981702052
303  0.9944973641350935
304  0.9967944095945395
305  1.0
306  0.9962177870054101
307  0.9844664597642454
308  0.9986763569474667
309  0.9950423457769363
310  0.9926247109818381
311  0.9955070935582823
312  0.9833217900310551
313  1.0
314  1.0
315  1.0
316  1.0
317  0.9999100499891524
318  0.9830827142862858
319  1.0
320  0.994345295005904
321  0.9935898840482134
322  1.0
323  1.0
324  1.0
325  0.983864623377829
326  1.0
327  0.9912565432699477
328  0.9939025178786194
329  0.9952273216681666
330  1.0
331  0.9804411694933193
332  0.9917163805664647
333  1.0
334  0.9955216520781868
335  0.9921576105957619
336  0.9836279848561306
337  1.0
338  0.9815157467465032
339  1.0
340  0.9798465704931074
341  0.9910493850274722
342  0.9968817812974281
343  1.0
344  1.0
345  1.0
346  0.9949451137977683
347  0.9935650942632459
348  0.9945914560215757
349  0.9897638432045414
350  0.999623716510733
351  0.9880089059370254
352  0.9851195993492737
353  0.9879962868000342
354  1.0
355  0.9967338174836399
356  0.9970327789979334
357  1.0
358  0.9928957283200548
359  1.0
360  0.9934011490743568
361  0.9931561834508262
362  0.9974096314612034
363  0.9990468938746447
364  0.9988822985411391
365  1.0
366  0.9931887398797675
367  1.0
368  1.0
369  0.9994710654341261
370  1.0
371  1.0
372  0.9821569164854369
373  0.9950342602675816
374  0.9893368128533027
375  0.9974842481693819
376  0.9922408675665912
377  0.9945215890914488
378  1.0
379  0.994026138593183
380  0.999557105104626
381  0.9918066496580855
382  0.9937345495972841
383  0.9863368114816962
384  1.0
385  1.0
386  1.0
387  0.9992270393452511
388  1.0
389  0.992855050602626
390  0.9922958186607251
391  1.0
392  1.0
393  0.9894088842252536
394  1.0
395  1.0
396  1.0
397  0.9916325503078726
398  1.0
399  1.0
400  1.0
401  1.0
402  0.9938604142848665
403  1.0
404  0.9890345486739359
405  1.0
406  0.989464609419251
407  0.9995967730989912
408  0.9922631911810493
409  1.0
410  0.9930363597452461
411  0.9991496643411873
412  1.0
413  0.9952423849597422
414  0.9969553289852395
415  1.0
416  1.0
417  1.0
418  0.9871888287342007
419  1.0
420  0.9950941986370083
421  0.9950886351169165
422  0.9887827722376346
423  0.9950045067684895
424  0.9996307962606344
425  0.9963389444180262
426  0.9945473266103282
427  1.0
428  1.0
429  1.0
430  0.9937172047898691
431  0.9899558462519641
432  1.0
433  1.0
434  0.9994321473155788
435  0.9855835451154132
436  0.9911207130880837
437  1.0
438  1.0
439  0.9943719448930782
440  1.0
441  1.0
442  0.9925449030317355
443  0.9945841191019966
444  1.0
445  0.9999928228792828
446  1.0
447  0.9996743512054302
448  1.0
449  1.0
450  0.9988765002561709
451  0.9962733940688864
452  0.9918409924867161
453  1.0
454  0.9962501489380555
455  0.9984420234471906
456  0.9982120698627029
457  0.9910317160756918
458  0.9940866164511147
459  0.9976934037556946
460  0.9986399800497598
461  1.0
462  0.9983560533137307
463  1.0
464  0.9994068884681968
465  0.9987966761995316
466  1.0
467  0.9954705679220458
468  0.9993849148674455
469  1.0
470  1.0
471  0.9910945377234505
472  1.0
473  0.999941950010313
474  1.0
475  1.0
476  1.0
477  1.0
478  0.9975583462753006
479  1.0
480  0.9972755915455934
481  0.9994539397479384
482  0.9929125386064085
483  1.0
484  0.9973785177611506
485  0.9981660700118515
486  1.0
487  0.9985351876815467
488  0.99788305758806
489  1.0
490  1.0
491  0.9951111680010836
492  1.0
493  1.0
494  1.0
495  1.0
496  0.9908635851665182
497  1.0
498  1.0
499  1.0
500  1.0
501  1.0
502  1.0
503  1.0
504  1.0
505  1.0
506  1.0
507  0.999508076000985
508  1.0
509  1.0
510  1.0
511  1.0
512  1.0
513  1.0
514  0.9997933048198901
515  1.0
516  1.0
517  1.0
518  1.0
519  1.0
520  1.0
521  1.0
522  0.9978674742490087
523  0.9984360282845329
524  1.0
525  1.0
526  1.0
527  1.0
528  0.9955857920965555
529  1.0
530  1.0
531  1.0
532  1.0
533  1.0
534  1.0
535  1.0
536  1.0
537  1.0
538  1.0
539  1.0
540  1.0
541  0.9958356224704465
542  0.9986495653661761
543  1.0
544  1.0
545  1.0
546  0.9986993865358755
547  1.0
548  1.0
549  1.0
550  1.0
551  1.0
552  1.0
553  0.9991922550333753
554  0.9972153138217389
555  1.0
556  1.0
557  1.0
558  0.993230411124474
559  0.9920745704583174
560  0.9979726079826168
561  1.0
562  0.9962091192573055
563  0.9967376900167755
564  0.9938304040161352
565  0.9965692878378386
566  0.9929030088750969
567  0.9961653808283346
568  0.990539612885913
569  1.0
570  0.9944397110496898
571  0.9950478011359224
572  0.9959573194242746
573  0.9926059162453666
574  0.9934073403305645
575  0.9934748801565852
576  0.997380305669779
577  0.9924273763732337
578  1.0
579  1.0
580  0.9951711424157985
581  0.9974738620499344
582  0.9997107386175385
583  0.9990758760683154
584  0.999485214002557
585  0.9933080550803342
586  0.9973536976224168
587  1.0
588  0.9954733233859984
589  0.9966325580127097
590  0.9924945176563237
591  0.9987784562333931
592  1.0
593  1.0
594  0.9946518045315701
595  0.995642461503185
596  0.9950774778599871
597  0.9943547112706628
598  0.9936404947040285
599  0.997244656600711
600  1.0
601  0.9989542613264508
602  0.9940848670422413
603  0.9966791588577821
604  0.9985642407285207
605  0.9939503332766089
606  0.989103090573992
607  0.9937125444490132
608  1.0
609  0.9948576155062425
610  1.0
611  0.9953440003321543
612  0.9979131250585574
613  0.9991771240145234
614  0.9963721768689698
615  0.9961729288120044
616  1.0
617  0.9980918184101084
618  0.9984749022916631
619  0.9991366762755586
620  0.9995432078229037
621  0.9967643949143216
622  1.0
623  0.9971307143792688
624  0.9976789630558555
625  0.9971149004379867
626  1.0
627  1.0
628  1.0
629  1.0
630  0.9949590466496453
631  0.9973027792650564
632  1.0
633  0.9963462606196947
634  1.0
635  0.9997748345835531
636  0.9975439817001258
637  0.9987723405470222
638  0.9984953408128268
639  0.9986870536423957
