6 1.000000
7 1.000000
8 1.000000
9 0.997574
10 1.000000
11 1.000000
12 1.000000
13 0.995470
14 1.000000
15 0.995966
16 0.992030
17 1.000000
18 0.999590
19 1.000000
20 0.995768
21 1.000000
22 0.991689
23 0.991038
24 1.000000
25 0.997298
26 0.989969
27 1.000000
28 0.980369
29 1.000000
30 1.000000
31 0.992968
32 0.996544
33 0.975815
34 1.000000
35 0.995662
36 0.991110
37 0.996277
38 0.983446
39 0.995986
40 0.980055
41 0.993936
42 0.991451
43 1.000000
44 0.979460
45 0.998352
46 0.972442
47 0.995716
48 0.985135
49 0.977077
50 0.985525
51 0.976109
52 0.972789
53 0.994190
54 1.000000
55 0.991597
56 0.975892
57 1.000000
58 0.983949
59 1.000000
60 0.981759
61 0.966126
62 0.985714
63 0.977517
64 0.971888
65 0.956522
66 0.958333
67 0.976190
68 0.984375
69 0.982386
70 0.992881
71 1.000000
72 1.000000
73 1.000000
74 0.978723
75 0.948718
76 0.955556
77 1.000000
78 1.000000
79 1.000000
80 1.000000
81 0.966667
82 1.000000
83 1.000000
84 1.000000
85 1.000000
86 1.000000
87 1.000000
88 1.000000
394 1.000000
401 1.000000
403 1.000000
404 1.000000
405 1.000000
406 1.000000
407 1.000000
408 1.000000
409 0.875000
410 0.750000
411 1.000000
412 0.800000
413 0.800000
414 1.000000
415 1.000000
416 0.833333
417 0.944056
418 0.916667
419 1.000000
420 0.777778
421 1.000000
422 1.000000
423 1.000000
424 0.945946
425 0.992063
426 0.973684
427 0.945236
428 1.000000
429 0.959184
430 0.993070
431 1.000000
432 0.991567
433 0.972222
434 0.960784
435 0.949092
436 0.900000
437 0.966102
438 0.981925
439 1.000000
440 0.978785
441 0.987013
442 0.995984
443 0.977030
444 1.000000
445 0.989556
446 1.000000
447 0.990566
448 0.961404
449 0.977448
450 0.977385
451 0.961165
452 0.983247
453 0.957459
454 0.993565
455 1.000000
456 0.966855
457 1.000000
458 1.000000
459 1.000000
460 1.000000
461 0.983607
462 1.000000
463 0.983922
464 0.996285
465 0.997595
466 0.998002
467 0.990099
468 0.993235
469 0.984631
470 1.000000
471 0.998464
472 0.995164
473 0.991477
474 0.991596
475 0.990461
476 1.000000
477 0.997429
478 0.996988
479 0.999494
480 1.000000
481 0.996605
482 0.996584
483 0.995946
484 0.984599
485 0.989268
486 0.995913
487 0.992203
488 1.000000
489 0.996760
490 1.000000
491 0.998035
492 1.000000
493 0.990014
494 0.999396
495 0.999521
496 1.000000
497 1.000000
498 1.000000
499 1.000000
500 1.000000
501 1.000000
502 1.000000
503 0.947712
504 1.000000
