156  0.9818376068376068
157  0.9857142857142858
159  1.0
160  0.9917412250516173
161  0.9906542056074766
162  0.9913494809688581
163  0.9933738266151297
164  0.9946445959104186
165  0.9947113265755839
166  1.0
167  0.993036750483559
168  0.9960474308300395
169  0.9945336522036214
170  1.0
171  0.9958171496862862
172  0.9971371314056685
173  0.9968436154949785
174  0.9945054945054945
175  0.9960454770143351
176  0.9971181556195965
177  0.9959100204498977
178  0.9956493365238199
179  0.9970588235294118
180  1.0
181  0.9972283813747228
182  0.995961079493299
183  0.9980613323933732
184  0.99812382739212
185  0.9975938402309913
186  1.0
187  1.0
188  0.9979411764705882
189  0.9984060281118678
190  0.997790970592296
191  0.996787578637398
192  0.9968379446640316
193  1.0
194  0.9983059682043263
195  0.9977087576374746
196  0.9973614775725593
197  0.9958417338709677
198  0.9986194779116466
199  0.9980293139549206
200  0.997559785261103
201  0.9976896887159533
202  0.997535124476214
203  1.0
204  0.9982168330955777
205  1.0
206  1.0
207  0.9982431482782853
208  1.0
209  0.9970896391152503
210  1.0
211  0.9981513575967649
212  1.0
213  0.9987480081948554
214  0.9976171564733916
215  0.9978511648948202
216  1.0
217  0.9981085892300846
218  0.997580024199758
219  0.9976833976833976
220  0.9980351490012007
221  0.997199181299149
222  0.9982475355969331
223  0.9975032566217976
224  0.9979014800088358
225  0.9985055508112725
226  0.9971242943870486
227  0.9975124378109452
228  0.9979481641468683
229  0.998272884283247
230  1.0
231  0.9983692106979778
232  0.9975135135135135
233  1.0
234  0.996473829201102
235  0.9983481995374959
236  0.9976764770967028
237  0.9977626251864479
238  0.9972757753562448
239  0.9968784613835465
240  1.0
241  0.9969555703548664
242  1.0
243  1.0
244  0.997970854085962
245  0.9982246309101103
246  0.9981467753891772
247  0.998190536505926
248  0.9979903169818215
249  0.9980344858393639
250  0.9982040229885057
251  1.0
252  1.0
253  1.0
254  0.9986103873545249
255  1.0
256  1.0
257  0.9982504373906523
258  0.997895622895623
259  0.9982549443244142
260  1.0
261  0.9983621325034805
262  0.998389694041868
263  0.9981984932852932
264  1.0
265  0.9981717011128776
266  0.9979277915039452
267  0.9981002137259558
268  0.998437866125127
269  0.9984616567956311
270  0.9978174448515083
271  1.0
272  0.9980055231666155
273  0.9980482473260989
274  1.0
275  0.9980093956525201
276  0.9986073564348324
277  0.998373148385992
278  0.9982094897045658
279  1.0
280  0.9981885988279169
281  0.9981960312687913
282  1.0
283  0.9969725940089229
284  1.0
285  0.9979454613373179
286  1.0
287  0.9979991424896384
288  0.9973246481330696
289  1.0
290  0.9980430528375733
291  0.9974776592678005
292  0.9980296235901617
293  0.9981737542394991
294  0.997908215010142
295  0.998610497063096
296  0.9989891970434014
297  0.9988797610156833
298  0.9979565298160877
299  0.9987631416202845
300  1.0
301  0.9985383678440926
302  1.0
303  1.0
304  1.0
305  0.9986817664329798
306  1.0
307  1.0
308  0.998887522688682
309  1.0
310  0.9986022131624928
311  1.0
312  1.0
313  1.0
314  0.9985557481224726
315  1.0
316  1.0
317  0.9986587683022242
318  0.9980911744891084
319  0.998062015503876
320  1.0
321  0.9987512216310132
322  1.0
323  0.998213802435724
324  0.9988724226804123
325  0.9985918544194108
326  0.9986115561251736
327  1.0
328  1.0
329  0.9985130901173597
330  0.9984865880388268
331  0.9986087494203123
332  1.0
333  0.9986611051032493
334  1.0
335  0.9982800485633346
336  1.0
337  0.9983548531831098
338  1.0
339  0.9988237023967064
340  1.0
341  1.0
342  1.0
343  1.0
344  1.0
345  0.9990226193800614
346  0.9987081295561502
347  0.9992755591777597
348  1.0
349  1.0
350  0.9989230424052052
351  0.99887907456396
352  0.9984127683964552
353  0.9990886207794463
354  0.999011220497829
355  0.9986118943304559
356  0.9991439089119082
357  0.9992478375329071
358  0.9986727498963086
359  1.0
360  1.0
361  0.9986219754387387
362  0.9989877313033971
363  1.0
364  1.0
365  1.0
366  0.9988780997330651
367  1.0
368  1.0
369  1.0
370  1.0
371  0.9985127900059488
372  0.9991771702135618
373  0.9990272373540856
374  1.0
375  0.9989932510533577
376  1.0
377  0.998476828757473
378  1.0
379  0.9983536384590056
380  1.0
381  0.9987403711060511
382  1.0
383  1.0
384  1.0
385  1.0
386  1.0
387  1.0
388  1.0
389  1.0
390  1.0
391  1.0
392  1.0
393  0.9984167821096378
394  1.0
395  0.9982283325065552
396  0.9985588470776622
397  0.9983876265265296
398  1.0
399  1.0
400  1.0
401  0.9986999039059409
402  1.0
403  0.9987122420984855
404  1.0
405  1.0
406  1.0
407  0.9989712491201472
408  1.0
409  1.0
410  0.9990189750871306
411  0.9988697081792026
412  0.9991022667763896
413  0.9991476346862543
414  0.9989009067519297
415  0.9985029205320768
416  1.0
417  1.0
418  1.0
419  0.9987791449226792
420  1.0
421  0.9989409023511968
422  1.0
423  1.0
424  0.9991136612786602
425  1.0
426  1.0
427  1.0
428  0.9988318827301879
429  1.0
430  0.9983361444135479
431  1.0
432  1.0
433  1.0
434  1.0
435  1.0
436  0.9982213393084013
437  1.0
438  1.0
439  1.0
440  1.0
441  1.0
442  1.0
443  1.0
444  0.9986043971602516
445  0.998625306317614
446  1.0
447  1.0
448  1.0
449  1.0
450  1.0
451  1.0
452  1.0
453  0.9984632759993335
454  1.0
455  1.0
456  1.0
457  1.0
458  1.0
459  1.0
460  1.0
461  0.998567504255355
462  1.0
463  1.0
464  1.0
465  1.0
466  1.0
467  1.0
468  1.0
469  1.0
470  1.0
471  1.0
472  0.999879620122641
473  1.0
474  1.0
475  1.0
476  0.9995120248084955
477  1.0
478  0.9992959148422909
479  1.0
480  1.0
481  0.9990485585141189
482  0.9989734359353291
483  1.0
484  0.9992645973796568
485  1.0
486  1.0
487  1.0
488  1.0
489  0.9993517328649175
490  0.9988835870563035
491  1.0
492  1.0
493  1.0
494  0.9989273216452424
495  1.0
496  1.0
497  1.0
498  1.0
499  1.0
500  1.0
501  1.0
502  0.9994857538423644
503  1.0
504  0.9981519388398004
505  1.0
506  1.0
507  1.0
508  1.0
509  0.9988342667652583
510  0.9986191480506521
511  0.9987895127443766
512  0.9995935250667032
513  1.0
514  1.0
515  1.0
516  0.9974897993198837
517  1.0
518  0.9972386488883931
519  1.0
520  1.0
521  1.0
522  1.0
523  1.0
524  1.0
525  0.9986545151060086
526  1.0
527  0.9979583515761822
528  1.0
529  1.0
530  1.0
531  1.0
532  1.0
533  1.0
534  1.0
535  1.0
536  1.0
537  1.0
538  0.9997459116971037
539  1.0
540  1.0
541  1.0
542  1.0
543  1.0
544  1.0
545  1.0
546  1.0
547  1.0
548  1.0
549  1.0
550  1.0
551  0.9999304005161295
552  1.0
553  1.0
554  1.0
555  1.0
556  1.0
557  1.0
558  1.0
559  1.0
560  1.0
561  1.0
562  1.0
563  1.0
564  1.0
565  1.0
566  1.0
567  1.0
568  1.0
569  1.0
570  1.0
571  1.0
572  1.0
573  1.0
574  1.0
575  1.0
576  1.0
577  1.0
578  1.0
579  0.9982181773207834
580  1.0
581  1.0
582  1.0
583  1.0
584  1.0
585  1.0
586  0.9987738427238035
587  1.0
588  1.0
589  1.0
590  1.0
591  1.0
592  1.0
593  1.0
594  1.0
595  1.0
596  1.0
597  1.0
598  1.0
599  1.0
600  1.0
601  1.0
602  1.0
603  1.0
604  1.0
605  1.0
606  1.0
607  1.0
608  1.0
609  1.0
610  1.0
611  1.0
612  1.0
613  1.0
614  1.0
615  1.0
616  1.0
617  1.0
618  1.0
619  1.0
620  0.9993744970022671
621  1.0
622  1.0
623  0.9995789147938777
624  0.9996531037161154
625  1.0
626  1.0
627  1.0
628  1.0
629  1.0
630  1.0
631  0.9999377190319821
632  1.0
633  1.0
634  1.0
635  1.0
636  1.0
637  0.9905523255813954
