20  0.9908116385911179
21  0.9854111405835544
22  0.9903225806451613
23  1.0
24  0.983503534956795
25  0.9979919811789655
26  0.9966180307276065
27  0.9937344326589479
28  0.9878447872837774
29  0.9922533136966126
30  0.9874254439291721
31  0.9952534068289695
32  1.0
33  0.9857570849639582
34  0.9956709956709956
35  0.9803811491362018
36  0.987953142112014
37  0.9967965380130105
38  0.9860156427439545
39  0.9935846934466813
40  0.9893188946091485
41  0.9904515968523673
42  0.9925581962353227
43  0.9804345150172329
44  0.9941823622601655
45  0.9946153920934298
46  0.9822195764112561
47  0.9908307563198385
48  0.9893629515292854
49  0.9883577269100909
50  0.9971205563023631
51  0.9878573120391545
52  1.0
53  0.9977639097894603
54  0.9906354060800779
55  0.9886020839734668
56  0.9921144248871888
57  0.9941985090521832
58  1.0
59  0.9921465480254446
60  0.9984391234749194
61  0.9844273348123016
62  0.9900605586565696
63  0.9891961899914565
64  0.9925330123913008
65  0.9892354309185252
66  0.9887617310805538
67  0.9987819529319983
68  0.9969716833070871
69  0.9940333286259002
70  0.9999964222166038
71  0.9915619127976186
72  0.9920628510621157
73  0.9864872770987778
74  0.9950004113454536
75  0.9917706881460433
76  0.9929851550549298
77  1.0
78  0.987789058766337
79  0.994838756849635
80  0.999652812536585
81  0.9937138857938367
82  0.9959121829574331
83  1.0
84  1.0
85  0.9964901642552219
86  0.996351875025229
87  0.9964273596391433
88  0.9991511035653651
89  0.9869012032621102
90  0.989811794652548
91  0.9915372949158473
92  0.9845103160482324
93  0.9913284628000596
94  0.9850603608681401
95  1.0
96  0.9983182626282567
97  0.9953922374068589
98  0.9985518393935766
99  0.9913723526402176
100  0.9976020319295791
101  0.9968629273934793
102  0.9889682448698841
103  0.9788135786587756
104  0.9954184593423157
105  0.9982028372071072
106  1.0
107  0.991782069721252
108  0.995418648966947
109  0.9899184040775275
110  1.0
111  1.0
112  0.9874265439627453
113  0.9902843290785668
114  1.0
115  0.9779746160512893
116  0.994891206373309
117  1.0
118  0.9844496173390281
119  0.9924637986993043
120  1.0
121  0.9893424423435218
122  1.0
123  1.0
124  0.9936598859269051
125  0.9998107126610485
126  0.9927964127080339
127  1.0
128  1.0
129  1.0
130  0.9960393175751794
131  1.0
132  1.0
133  0.9888800283537126
134  1.0
135  0.9973737221288423
136  0.9917618841969399
137  1.0
138  1.0
139  1.0
140  1.0
141  0.9924884792626729
142  0.9807977482911138
143  0.9883307715015728
144  0.9911240699579719
145  1.0
146  1.0
147  1.0
148  1.0
149  1.0
150  0.9997841444006923
151  0.997028897028897
152  1.0
153  1.0
154  1.0
155  0.9926867001078243
156  1.0
157  1.0
158  1.0
159  1.0
160  0.9974134189740474
161  1.0
162  1.0
163  0.993583565564264
164  0.9925768153670177
165  1.0
166  0.9839562017709892
167  0.9916297310917855
168  1.0
169  0.9933049545391318
170  1.0
171  1.0
172  1.0
173  0.9910257249222
174  1.0
175  1.0
176  1.0
177  1.0
178  1.0
179  1.0
180  0.9962381896078389
181  1.0
182  1.0
183  1.0
184  0.9992688000880028
185  1.0
186  1.0
187  1.0
188  1.0
189  1.0
190  1.0
191  1.0
192  1.0
193  1.0
194  1.0
195  1.0
196  1.0
197  1.0
198  1.0
199  0.991205317090736
200  1.0
201  1.0
202  1.0
203  1.0
204  0.990385113061693
205  0.9994424349460266
206  1.0
207  1.0
208  0.9958895385862329
209  1.0
210  1.0
211  1.0
212  1.0
213  0.9975947600128853
214  1.0
215  1.0
216  1.0
217  1.0
218  1.0
219  0.9997322111706197
220  1.0
221  0.9925696012039128
222  1.0
223  1.0
224  1.0
225  1.0
226  0.9987269797148276
227  0.9835042894038962
228  1.0
229  1.0
230  1.0
231  1.0
232  1.0
233  0.992239467849224
234  1.0
235  1.0
236  0.9983999117192673
237  1.0
238  1.0
239  0.9998036305514328
240  0.9847585645329677
241  1.0
242  1.0
243  1.0
244  1.0
245  1.0
246  1.0
247  0.9960536130401346
248  1.0
249  1.0
250  1.0
251  1.0
252  1.0
253  1.0
254  1.0
255  1.0
256  1.0
257  1.0
258  1.0
259  0.9923825287356322
260  1.0
261  1.0
262  0.9930736569770379
263  0.9853503569609544
264  1.0
265  1.0
266  1.0
267  0.983403485141847
268  1.0
269  1.0
270  1.0
271  1.0
272  1.0
273  1.0
274  1.0
275  1.0
276  1.0
277  1.0
278  1.0
279  1.0
280  1.0
281  1.0
282  1.0
283  1.0
284  1.0
285  1.0
286  1.0
287  0.9798028283425027
288  1.0
289  1.0
290  1.0
291  0.976378546517108
292  1.0
293  1.0
294  1.0
295  0.9987708802274612
296  0.9886326947912182
297  0.9944444444444445
298  1.0
299  1.0
300  1.0
301  0.9975677553856845
302  1.0
303  1.0
304  1.0
305  0.9951733683500729
306  0.9947755102040817
307  0.978090410675494
308  1.0
309  1.0
310  1.0
311  1.0
312  1.0
313  1.0
314  1.0
315  0.990995115995116
316  0.9920609604820132
317  0.9953618228486513
318  1.0
319  1.0
320  0.9929957365352824
321  1.0
322  1.0
323  1.0
324  0.9991386488271269
325  1.0
326  0.9754901960784313
327  1.0
328  0.989329742049104
329  1.0
330  1.0
331  0.9914297658862876
332  1.0
333  0.9776887999110222
334  0.9958426453271814
335  0.9903789659224441
336  1.0
337  1.0
338  1.0
339  0.9996095676475424
340  1.0
341  1.0
342  1.0
343  1.0
344  0.9858752459612228
345  1.0
346  1.0
347  1.0
348  1.0
349  1.0
350  1.0
351  1.0
352  1.0
353  0.9784102060843964
354  0.9802415210688593
355  1.0
356  1.0
357  1.0
358  1.0
359  1.0
360  1.0
361  1.0
362  1.0
363  1.0
364  1.0
365  1.0
366  0.9938848668025585
367  1.0
368  1.0
369  1.0
370  1.0
371  0.9984332315603406
372  0.9977430061640588
373  1.0
374  1.0
375  0.9997989848736117
376  0.9715585893060296
377  1.0
378  1.0
379  0.9667063020214031
380  1.0
381  1.0
382  0.9688221709006929
383  1.0
384  0.9859361056576833
385  1.0
386  0.9936839012925969
387  1.0
388  1.0
389  0.9939685669547063
390  1.0
391  1.0
392  0.966931216931217
393  1.0
394  1.0
395  1.0
396  1.0
397  0.9852522639068565
398  0.9886181345962876
399  1.0
400  0.9931689931689931
401  1.0
402  1.0
403  0.9919139105058364
404  0.9702300405953992
405  0.9722955145118733
406  1.0
407  1.0
408  1.0
409  1.0
410  1.0
411  1.0
412  1.0
413  1.0
414  1.0
415  0.9816232771822359
416  0.9861538461538462
417  0.9952420016406891
418  1.0
419  0.9858712715855573
420  1.0
421  0.9894669459962756
422  0.9783549783549783
423  1.0
424  1.0
425  0.967479674796748
426  1.0
427  1.0
428  0.9736456808199122
429  1.0
430  1.0
431  1.0
432  1.0
433  1.0
434  1.0
435  0.9788273615635179
436  0.9810671256454389
437  1.0
438  0.975328947368421
439  0.9939545549301647
440  1.0
441  1.0
442  0.9996784910513342
443  1.0
444  1.0
445  1.0
446  0.9959349593495935
447  0.9980110159118727
448  1.0
449  0.9957597784700588
450  1.0
451  0.9917153996101364
452  1.0
453  0.9942687747035573
454  1.0
455  1.0
456  0.971042471042471
457  0.9818181818181818
458  1.0
459  1.0
460  1.0
461  1.0
462  1.0
463  1.0
464  1.0
465  1.0
466  1.0
467  1.0
468  1.0
469  1.0
470  1.0
471  1.0
472  0.9764957264957265
473  1.0
474  1.0
475  0.9834368530020704
476  0.9808510638297873
477  1.0
478  1.0
479  0.9699074074074074
480  1.0
481  1.0
483  1.0
484  1.0
