2 0.960222
3 0.913193
4 0.885065
5 0.952797
6 0.977214
7 0.998760
8 1.000000
9 1.000000
10 1.000000
11 1.000000
12 0.991579
13 1.000000
14 0.993609
15 0.985398
16 1.000000
17 1.000000
18 1.000000
19 1.000000
20 1.000000
21 1.000000
22 1.000000
23 0.999665
24 0.996924
25 1.000000
26 1.000000
27 1.000000
28 1.000000
29 0.997867
30 0.994536
31 1.000000
32 0.992228
33 1.000000
34 1.000000
35 0.997188
36 1.000000
37 0.992706
38 0.999641
39 1.000000
40 1.000000
41 1.000000
42 1.000000
452 1.000000
457 1.000000
458 1.000000
459 1.000000
460 1.000000
461 0.750000
462 1.000000
463 1.000000
464 1.000000
465 1.000000
466 1.000000
467 0.964593
468 1.000000
469 0.989712
470 0.942308
471 0.977568
472 0.985385
473 1.000000
474 1.000000
475 1.000000
476 1.000000
477 0.969655
478 1.000000
479 0.992396
480 0.995019
481 1.000000
482 0.992036
483 0.983416
484 0.972594
485 1.000000
486 1.000000
487 1.000000
488 1.000000
489 1.000000
490 1.000000
491 1.000000
492 0.993742
493 1.000000
494 1.000000
495 1.000000
496 1.000000
497 1.000000
498 1.000000
499 1.000000
500 1.000000
501 1.000000
502 1.000000
503 1.000000
504 1.000000
505 1.000000
506 0.995191
507 0.934767
508 0.980031
509 0.878812
