1  1.47531806616
2  0.678451178451
3  1.04071308119
4  0.810763888889
5  0.864297253635
6  1.07348242812
7  0.909983633388
8  0.927215189873
11  0.955074875208
12  0.965134706815
13  0.961773700306
14  0.972934472934
15  0.957100591716
16  0.9568
17  0.97528830313
18  0.971893491124
19  0.981666666667
20  0.967159277504
21  0.970457902511
22  0.974068071313
23  0.977029096478
24  0.961890243902
25  0.967592592593
26  0.976816074189
27  0.977711738484
28  0.963172804533
29  0.972932330827
30  0.964179104478
31  0.97984496124
32  0.974702380952
34  0.97913561848
35  0.967741935484
36  0.9670781893
37  0.976608187135
38  0.968796433878
39  0.960113960114
40  0.974468085106
41  0.977715877437
42  0.97350069735
43  0.973718791064
44  1.0948943662
45  0.96812749004
46  0.976807639836
47  0.974860335196
48  0.977272727273
49  0.972936400541
50  0.965665236052
51  0.981868898187
52  1.09230515192
53  0.974457215837
54  0.97619047619
56  0.961538461538
57  0.970406905055
58  0.969444444444
59  0.966622162884
60  0.971166448231
61  0.968707482993
62  0.967871485944
63  0.972081218274
64  0.971391417425
65  0.979328165375
66  0.973111395647
67  0.967907573813
68  0.959756097561
69  0.971499380421
70  0.978616352201
71  0.976683937824
72  0.971223021583
73  1.06045548654
74  1.29867986799
75  0.980074719801
76  0.973397823458
77  0.974391805378
78  0.96018735363
79  0.977968176255
80  0.968936678614
81  0.97668997669
82  0.982078853047
83  0.971177944862
84  0.96682464455
85  1.1125391333
86  0.971363115693
87  0.970657276995
88  0.973654066438
89  0.97995545657
90  0.973333333333
91  0.973684210526
92  0.973684210526
93  0.972004479283
94  0.976744186047
95  0.97799779978
96  0.968648648649
97  0.970619097587
98  0.977154724818
99  0.968096809681
100  1.13658445441
101  0.974120082816
102  0.970198675497
103  0.977419354839
104  0.982281284607
105  0.97963800905
106  0.982010582011
107  0.980452674897
108  0.980351602896
109  0.972885032538
110  0.978571428571
111  0.985792349727
112  0.972304648863
113  0.975609756098
114  0.979123173278
115  0.976506639428
116  1.18631093099
117  0.98490945674
118  0.969844357977
119  0.983673469388
120  0.977495107632
121  0.983789260385
122  0.982793522267
123  0.984267453294
124  0.981243830207
125  0.980410447761
126  0.977844914401
127  0.984174085064
128  0.977114427861
129  0.978644382544
130  1.06922190805
131  0.981255857545
132  0.984052532833
133  0.972709551657
134  0.970754716981
135  0.977757182576
136  1.07546468401
137  0.97476635514
138  0.979670861568
139  0.976277372263
140  1.10385356455
141  0.969396939694
142  0.98314108252
143  1.09918358341
144  1.05783202557
145  0.981634527089
146  0.977052074139
147  1.13219220458
148  0.981395348837
149  0.985374771481
150  0.978704525288
151  0.964532871972
152  0.9723183391
153  0.981132075472
154  0.969827586207
155  0.982905982906
156  0.977777777778
157  0.980865224626
158  0.975177304965
159  0.98102310231
160  0.982743744607
161  0.980541455161
162  1.06683130113
163  1.04651162791
164  0.970486111111
165  0.982899022801
166  1.0571300045
167  0.968924302789
168  0.980544747082
169  0.971636952998
170  0.983023443816
171  1.03964798518
172  0.980582524272
173  0.981524249423
174  0.979871175523
175  0.980857580398
176  0.98200312989
177  0.975628332064
178  1.04028851108
179  0.979766536965
180  0.978581979321
181  0.978660779985
182  0.971124620061
183  0.982588947767
184  0.979498861048
185  0.977876106195
186  0.971255673222
187  0.980529595016
188  0.978021978022
189  0.978692138134
190  0.979076479076
191  0.983870967742
192  0.976401179941
193  0.974626865672
194  0.98118466899
195  0.974692697035
196  0.979661016949
197  0.980191256831
198  0.988178025035
199  0.984910836763
200  0.978708791209
201  0.982179575051
202  0.976648351648
203  0.981314878893
204  0.981227436823
205  0.978902953586
206  1.14224623002
207  0.988259668508
208  0.983572895277
209  0.973901098901
210  0.982984293194
211  0.984684109764
212  0.977642276423
213  0.986859395532
214  0.975447909754
215  0.983240223464
216  0.978954081633
217  0.980702963473
218  0.974642392718
219  0.983083929733
220  1.18310991957
221  0.978842563783
222  1.04159254553
223  0.978575929427
224  0.974938875306
225  0.983125
226  0.979552715655
227  0.977229601518
228  0.98155216285
229  0.978206724782
230  0.973214285714
231  0.977629987908
232  0.977653631285
233  0.973867595819
234  0.987603305785
235  0.978538283063
236  0.979435957697
237  1.08410404624
238  0.976338028169
239  0.977996525767
240  0.985448195576
241  0.980679156909
242  0.979881656805
243  0.980011104942
244  0.979130434783
245  1.02767470625
246  1.10368828932
247  0.985328638498
248  1.05752997706
249  0.988175675676
250  0.977953646128
251  0.979099678457
252  0.983143012507
253  1.02853989278
254  0.984749455338
255  0.977431488447
256  1.04759256317
257  0.980505795574
258  1.05094466937
259  0.983094262295
260  1.03745091245
261  0.984978540773
262  0.980817768804
263  0.97860125261
264  0.977236633139
265  0.98315467075
266  0.982578397213
267  0.983863080685
268  0.981208735399
269  0.98133748056
270  0.981564524165
271  1.01915831663
272  1.02717559274
273  0.984555984556
274  0.981651376147
275  0.977984344423
276  0.986512524085
277  0.979136341582
278  0.979783732957
279  0.982300884956
280  0.983325393044
281  0.981455064194
282  0.983799705449
283  0.988563586459
284  0.984636871508
285  0.983433041878
286  0.983724269986
287  0.983193277311
288  1.01473112128
289  0.981489643015
290  0.981473113421
291  1.04724113894
292  0.984580498866
293  1.03710526316
294  0.986301369863
295  0.981938325991
296  0.981970096746
297  0.981802041722
298  0.983961855223
299  0.980886185925
300  0.985543163982
301  0.987407729049
302  0.98064516129
303  0.985087345548
304  0.983695652174
305  0.984848484848
306  0.986171132239
307  0.985111662531
308  0.986469864699
309  0.984414490312
310  0.985785953177
311  0.98300870286
312  1.01953883495
313  1.02621328561
314  0.982394366197
315  0.981209150327
316  0.982892057026
317  1.0149201334
318  0.998096446701
319  0.971031286211
320  0.972709551657
321  1.01704410012
322  1.04827791617
323  0.984030418251
324  1.02107422604
325  0.980474732006
326  0.982886904762
327  1.02354224226
328  0.978843974311
329  0.983550114767
330  0.981160512434
331  0.982770997846
332  0.982656826568
333  0.981322375794
334  0.986131386861
335  0.982696467195
336  0.984621017942
337  1.01483648881
338  0.986553432413
339  0.985486725664
340  0.983216783217
341  0.981931897151
342  1.02544213042
343  1.01581163262
344  0.98449356648
345  1.02306158065
346  0.986387782205
347  1.01189875547
348  1.01337882733
349  1.01449275362
350  0.981654436291
351  0.98551678736
352  0.983944954128
353  0.981481481481
354  1.01007222995
355  1.01521858008
356  0.982747395833
357  1.00561184947
358  1.01009797724
359  1.01461167352
360  1.01651094599
361  1.02132412177
362  0.982994230185
363  0.985534010465
364  0.984941610326
365  0.987661937076
366  1.0418269567
367  1.01199880311
368  0.984140969163
369  0.98177399757
370  1.00814281
371  1.03344011649
372  1.01115100279
373  1.00898334794
374  1.01357006217
375  0.987061529615
376  1.00989738296
377  0.98029134533
378  1.00961623918
379  0.98615428087
380  1.02571909207
381  0.98358335692
382  1.00337770713
383  0.987441987442
384  1.01204159825
385  1.01141880342
386  0.988422186322
387  0.985582154516
388  0.986970684039
389  1.00770410959
390  0.989907038513
391  0.984966303784
392  0.987722048067
393  0.983853890948
394  0.981818181818
395  0.988874514877
396  1.0066878368
397  1.00697799249
398  1.00972582038
399  0.985735735736
400  1.00438462416
401  1.00311596052
402  1.00433859108
403  0.988836516993
404  0.989366963403
405  0.984397854705
406  0.989035634189
407  0.986150234742
408  1.03581488934
409  0.987997175806
410  0.987182647276
411  0.984626647145
412  0.986814712006
413  0.984794488002
414  1.01730780247
415  0.988486447589
416  0.989636112391
417  1.004030738
418  1.02519814828
419  0.987573429733
420  1.02949796369
421  0.989091718611
422  0.987550022232
423  0.986550976139
424  1.0036738936
425  0.986046511628
426  0.987599645704
427  1.00464194776
428  0.988333700198
429  0.9875
430  0.987791818377
431  1.00207794742
432  1.00069848438
433  0.989832662571
434  0.985396955985
435  1.00672762849
436  0.9875
437  1.00675293896
438  1.00389420444
439  0.984860718611
440  0.987570168404
441  0.986312399356
442  0.986293206198
443  1.02048462635
444  1.00609093883
445  0.988009592326
446  0.988405797101
447  0.987991477823
448  0.988702765875
449  1.01488778502
450  0.988559239868
451  1.02563386041
452  1.0040376021
453  1.00598914593
454  0.989312977099
455  0.989664586583
456  1.00687030256
457  1.0160810006
458  1.00583071297
459  1.00738956284
460  0.988907689415
461  1.04125160946
462  0.990898748578
463  1.0273398379
464  1.00593525964
465  0.989494549058
466  0.991745283019
467  0.992612752722
468  0.989488028032
469  0.989670629507
470  1.01611516586
471  1.00509439778
472  1.00644307566
473  1.00301937678
474  1.02373832308
475  0.990094923648
476  1.02075318687
477  0.988061513557
478  1.00968439114
479  0.990626952718
480  0.989249534836
481  0.99308466052
482  1.00373747034
483  0.989602828031
484  0.99052432091
485  1.00456767691
486  0.987844408428
487  1.02958399878
488  0.990157883945
489  0.988122525526
490  1.01173133878
491  0.988396624473
492  0.989648033126
493  1.01513579743
494  0.987969004894
495  1.0021038093
496  1.0
497  1.02938622293
498  0.998446893788
499  0.986128110975
500  0.987166218174
501  0.987737341772
502  0.99782160055
503  1.00127162332
504  0.98709945901
505  0.996892995848
506  0.984615384615
507  0.993890813804
508  1.00035766884
509  1.01792811421
510  0.99745385396
511  0.994042452947
512  0.995711172045
513  0.995620654308
514  0.99798100298
515  0.997774067891
516  0.983833226973
517  0.996055771888
518  0.986918292944
519  1.00539778148
520  1.0153057572
521  1.00613394251
522  0.995411411263
523  1.00304008152
524  0.987366167024
525  0.999104484837
526  1.011363957
527  0.984625378952
528  0.984785916105
529  1.00402120815
530  0.985090751945
531  0.985124333925
532  0.983641385171
533  1.02164752317
534  0.985970213684
535  1.00178868087
536  0.993991720875
537  0.985415345593
538  0.983453542639
539  1.01517829588
540  0.993542055675
541  0.985636969192
542  0.983097988875
543  1.00460050264
544  0.994649155622
545  1.00463619645
546  1.00665570337
547  0.994275454161
548  0.994709206553
549  0.996544865541
550  0.984308736217
551  0.992293253875
552  0.985808091506
553  0.990750786091
554  0.992905651225
555  0.9939086733
556  0.986725663717
557  0.992573042365
558  0.993856156977
559  0.981845049609
560  0.986925256047
561  1.01299684581
562  1.01138601742
563  0.99584294355
564  0.985398414685
565  0.997518161129
566  1.00133995405
567  0.992431372854
568  0.984331401588
569  0.996990417875
570  0.991156883265
571  0.990537963477
572  1.0002105471
573  0.978661924872
574  0.977807075368
575  0.985861886259
576  0.983628616282
577  0.992494180711
578  0.992499276903
579  1.00881323433
580  0.98720115914
581  1.00348366827
582  0.996582238028
583  0.997276442019
584  0.999038498519
585  0.992716482331
586  0.999393195321
587  0.993902855436
588  0.987544483986
589  0.989332520573
590  0.996951412403
591  0.989944858904
592  0.991270949721
593  0.995550694041
594  1.00355990715
595  1.00316620969
596  0.987373737374
597  0.992960662526
598  1.00237136952
599  0.99009009009
600  0.98604427334
601  0.991089108911
602  1.00064455485
603  0.9889224572
604  1.00612418839
605  0.994609716157
606  0.984243106359
607  1.00751939285
608  0.990346394094
609  0.991329479769
610  0.998181560685
611  1.01923750788
612  0.998842310188
613  0.993045897079
614  0.995396613573
615  1.00094207699
616  0.995196156926
617  1.01171070838
618  0.988258317025
619  0.984984984985
620  0.993127147766
621  0.986168741355
622  0.987878787879
623  0.981481481481
624  0.976445396146
625  1.01576086957
626  0.989726027397
627  0.990049751244
628  0.951724137931
629  0.963302752294
630  1.07359307359
631  1.25714285714
632  1.17333333333
634  0.892857142857
635  1.0
