4  0.9686142913541256
5  0.9977929022848808
6  0.9942870848526839
7  1.0
8  1.0
9  1.0
10  1.0
11  0.9973522405505251
12  0.9961520585177083
13  0.9977669295361973
14  0.9997507111898186
15  0.9992346944098556
16  0.9994632906596789
17  1.0
18  1.0
19  1.0
20  0.9995894071677993
21  1.0
22  1.0
23  1.0
24  1.0
25  1.0
26  1.0
27  0.9997152389046481
28  1.0
29  0.9996329311132832
30  1.0
31  1.0
32  1.0
33  1.0
34  1.0
35  1.0
36  0.9994183373024864
37  1.0
38  0.9999350432474938
39  1.0
40  1.0
41  0.9998881988464914
42  1.0
43  1.0
44  1.0
45  1.0
46  1.0
47  1.0
48  1.0
49  1.0
50  1.0
51  1.0
52  1.0
53  0.9995569460686554
54  1.0
55  0.9994470505766573
56  0.9993479994229768
57  1.0
58  1.0
59  1.0
60  0.9994820845192944
61  1.0
62  1.0
63  1.0
64  1.0
65  0.9996878931177156
66  1.0
67  0.999941077953488
68  0.9989653239896602
69  1.0
70  1.0
71  1.0
72  1.0
73  1.0
74  1.0
75  1.0
76  1.0
77  1.0
78  1.0
79  1.0
80  0.9994453760303067
81  1.0
82  1.0
83  1.0
84  1.0
85  1.0
86  1.0
87  1.0
88  1.0
89  1.0
90  1.0
91  1.0
92  1.0
93  1.0
94  1.0
95  1.0
96  1.0
97  1.0
98  1.0
99  0.9985598787206542
100  0.9980105607615648
101  1.0
102  1.0
103  1.0
104  0.9997997018089007
105  1.0
106  1.0
107  1.0
108  1.0
109  1.0
110  1.0
111  0.9977604028624437
112  1.0
113  0.998958581938068
114  1.0
115  1.0
116  1.0
117  1.0
118  1.0
119  1.0
120  1.0
121  1.0
122  0.9999172187271702
123  1.0
124  1.0
125  0.9974728755306962
126  1.0
127  0.9991414059288138
128  0.9999954936045259
129  1.0
130  1.0
131  1.0
132  1.0
133  1.0
134  1.0
135  1.0
136  1.0
137  0.9991573521887033
138  1.0
139  1.0
140  0.9994975753161276
141  0.9972331701102751
142  1.0
143  1.0
144  0.9977593825854235
145  1.0
146  1.0
147  0.9974921087905911
148  0.9977313275037994
149  0.999284030166396
150  0.9974125874125874
151  1.0
152  1.0
153  0.997870528109029
154  0.9996321357478962
155  0.9999644339963285
156  0.9995428261075223
157  0.9978502921397862
158  0.99967860038897
159  1.0
160  1.0
161  1.0
162  1.0
163  0.9978465514058943
164  0.9979717290229975
165  0.998075466935891
166  1.0
167  1.0
168  1.0
169  1.0
170  1.0
171  1.0
172  0.9977254746835443
173  0.9982503631321801
174  1.0
175  1.0
176  1.0
177  0.9981527952042382
178  1.0
179  0.9982487491065046
180  1.0
181  0.9981302819534814
182  0.9982951316537223
183  1.0
184  0.9975386081225932
185  0.9976368970013038
186  1.0
187  0.9968721327883894
188  0.9977516430300933
189  0.9981264219119418
190  0.9981019522776573
191  1.0
192  1.0
193  0.9981750948470441
194  0.9979014153245486
195  1.0
196  0.9977819226697585
197  1.0
198  1.0
199  0.9973025863436822
200  0.9979248580166011
201  1.0
202  0.9983838141984915
203  1.0
204  0.997912598478217
205  0.9974642692485016
206  0.9974273218420375
207  0.9975342735970016
208  0.9977064220183486
209  1.0
210  0.9969518390571022
