2 0.793931
3 0.825961
4 0.875965
5 0.921741
6 0.916380
7 0.924200
8 0.899949
9 0.916842
10 0.901656
11 0.887631
12 0.906079
13 0.879885
14 0.914136
15 0.906054
16 0.894040
17 0.857664
18 0.885773
19 0.894665
20 0.925926
21 0.925926
22 0.895979
23 0.925926
24 0.879078
25 0.925926
26 0.617284
487 0.925926
488 0.833333
489 0.925926
490 0.925926
491 0.881085
492 0.853716
493 0.860444
494 0.921823
495 0.859822
496 0.877252
497 0.914561
498 0.873698
499 0.894482
500 0.880401
501 0.911948
502 0.908552
503 0.844512
504 0.870450
505 0.855699
506 0.813385
507 0.777026
508 0.743390
509 0.710686
