24  0.9019908116385911
26  0.9596858638743455
28  0.9540204678362573
29  0.957837122579093
30  0.9768442058904486
31  0.9948535653650254
32  1.0
33  0.9898648648648649
34  0.9499620924943138
35  0.9454926624737946
36  0.9895119780177251
37  0.9463625154130703
38  0.9554176072234764
39  0.9610115911485775
40  0.9870336217903248
41  1.0
42  0.9874481539403005
43  0.9695992630124367
44  1.0
45  0.9634097305991154
46  0.9799001265805176
47  0.9855957935273643
48  1.0
49  0.9919428969359332
50  0.9687282835302293
51  0.9738780977896851
52  0.9895035460992908
53  0.9890155202249622
54  1.0
55  1.0
56  0.970386039132734
57  0.9963267982573131
58  0.9917702349869453
59  0.9889724164155965
60  0.9850741632367787
61  0.9853905549225436
62  0.989984660189858
63  0.9757184228113166
64  1.0
65  0.9963437767302301
66  1.0
67  0.9778310365488316
68  1.0
69  0.9930678226932802
70  1.0
71  0.9975359578247665
72  1.0
73  0.9924940191387559
74  1.0
75  0.9925375561658093
76  0.9875710121650159
77  1.0
78  0.9803579766536964
79  0.9980172982938385
80  0.9860490006994045
81  0.99232051987347
82  1.0
83  0.9879452196115855
84  1.0
85  0.9992844455906229
86  0.9992789249426418
87  0.9667164179104477
88  1.0
89  0.9735685650306232
90  0.9876015153261807
91  1.0
92  0.9731226637461012
93  0.9996191034280691
94  0.9991724520966399
95  1.0
96  0.9918588470575073
97  0.9823117750904251
98  0.9739443460373692
99  0.9634645224996473
100  0.9854441644759384
101  1.0
102  0.9961851426733245
103  1.0
104  0.9825290846683407
105  1.0
106  1.0
107  0.9736263393483787
108  0.9995082357745713
109  1.0
110  1.0
111  1.0
112  1.0
113  1.0
114  0.9765037433309794
115  0.9630996309963099
116  0.972360148536457
117  1.0
118  0.9800036489691663
119  0.9956933492803549
120  0.9889450919521449
121  1.0
122  1.0
123  0.9881107477018668
124  0.9706550756208853
125  0.9809368867718833
126  1.0
127  0.981140618197649
128  0.6670772351833067
129  0.38422664151176816
130  0.6734927019516368
131  0.9643971666336437
132  0.9946695965754877
133  0.9801251919215779
134  0.9847520325610771
135  0.9790612152818085
136  0.9843012262978769
137  1.0
138  0.9749678324950286
139  1.0
140  1.0
141  0.9957335566398806
142  1.0
143  0.9747414897648595
144  0.9851982482986849
145  1.0
146  0.9987710604558968
147  0.9633410163538579
148  1.0
149  0.9966900494244244
150  0.992557047322477
151  1.0
152  0.9887714492231099
153  1.0
154  0.9862523672581889
155  0.9881174715165171
156  0.9891338693004643
157  0.9785801801525635
158  1.0
159  0.9678630561743633
160  0.9933438413211363
161  1.0
162  0.9942343633691245
163  1.0
164  0.9922292965468453
165  1.0
166  1.0
167  0.9985834939844573
168  0.9724433802254814
169  0.9949902488187328
170  0.9802503967554224
171  0.9950670816965178
172  1.0
173  1.0
174  1.0
175  0.98279061975234
176  1.0
177  0.9842412628889498
178  0.9879634458949833
179  0.9657019598333089
180  1.0
181  0.9845070935326884
182  0.9774452486699206
183  0.9832785224309466
184  1.0
185  0.9811070990456522
186  0.9507863089731731
187  0.9405400500120996
188  0.4766686301638835
189  0.022796290018980852
190  0.020517554112188433
191  0.02621964771906429
192  0.030667843662486302
193  0.04134275536692996
194  0.07157741044967342
195  0.11924648064353946
196  0.27864196975827604
197  0.6318078570098679
198  0.9415097772278508
199  0.9966424241554009
200  0.989022994561981
201  0.9898250876733109
202  1.0
203  0.9952361275088548
204  0.9830809489756627
205  0.991562844977133
206  0.9771496964869033
207  1.0
208  1.0
209  1.0
210  1.0
211  1.0
212  0.9887602786970372
213  0.9886170584072367
214  1.0
215  1.0
216  0.9930758411771069
217  0.9935993158655896
218  0.9845600201312157
219  1.0
220  0.9846567730446375
221  1.0
222  1.0
223  0.9796843015169011
224  1.0
225  0.9722351381337557
226  0.9949057367576545
227  0.9820356853959391
228  0.9969927416434431
229  0.9818699756174106
230  1.0
231  1.0
232  1.0
233  0.996925217143163
234  0.9910961962304301
235  0.9925977559451036
236  0.9762938288325737
237  0.9676782701590382
238  0.9844966511944204
239  0.9854319530083828
240  0.9787181970326975
241  0.9946247838862443
242  0.9964221171574086
243  0.988749557718487
244  0.9822990598375696
245  0.9981515353869678
246  1.0
247  0.9835307151536071
248  0.9927985601274533
249  0.9708178850648826
250  0.9891739939670111
251  0.9699305948563164
252  0.9800793967568243
253  1.0
254  1.0
255  0.9779958768488258
256  0.9894500031910594
257  0.9938950642170132
258  0.9145762912886201
259  0.976558410020245
260  1.0
261  0.9871367189831116
262  0.9810127950403392
263  0.9841189809257036
264  0.9821320881225533
265  1.0
266  0.9978064089518386
267  0.9944563314530248
268  0.9713848602739905
269  0.9890274039844953
270  1.0
271  1.0
272  0.989642549049968
273  0.9945481971128192
274  1.0
275  0.9765533979143423
276  0.9940096228557768
277  0.9882291295349971
278  1.0
279  0.9858183024115159
280  0.9877137004236353
281  0.9861855094904338
282  0.9788161926088205
283  0.9974639916921271
284  0.9792131305817041
285  0.9969052207399348
286  0.9879595408251535
287  0.9876444698023142
288  0.9996354814348428
289  0.9854507552508271
290  0.9996884169563941
291  0.9742804788217364
292  0.9835770686259411
293  0.9907855165578757
294  0.9873770864495954
295  0.988626977350375
296  0.9945385938382022
297  0.9816559513700753
298  1.0
299  1.0
300  0.9883945621041972
301  0.9834078531668423
302  0.9741204721036991
303  0.9841882089704254
304  0.9849296193006485
305  0.9950081563509741
306  0.9891997447474102
307  0.9931625932776539
308  0.9881969031369799
309  0.9896292870984675
310  0.9924630282285941
311  0.9815050212677363
312  1.0
313  0.981984802687829
314  1.0
315  0.9629873865278578
316  0.9868982715010105
317  0.9413570991088324
318  0.5982218693071465
319  0.016725542277829897
320  0.01117208977674189
321  0.010347447509014823
322  0.011480151629876485
323  0.013901717552845114
324  0.017294542450567607
325  0.025445914038726328
326  0.035794515384404056
327  0.05686523982884665
328  0.09860429589010325
329  0.18106676125120108
330  0.4270425717068448
331  0.7958493473820349
332  0.9732925559966326
333  0.9980150052148169
334  0.9984067219650641
335  0.9871331115237801
336  0.9887372881513227
337  1.0
338  0.9914347908385387
339  1.0
340  1.0
341  0.9886848016636837
342  0.9851434251712362
343  0.9911939913759134
344  0.9840985073941749
345  0.9966628823699384
346  0.99580042340608
347  1.0
348  0.9758215806781914
349  0.9870402671842722
350  1.0
351  1.0
352  1.0
353  0.9825256624267328
354  0.9974540856109525
355  0.9940700720242848
356  0.9885940216233255
357  0.9932797732721287
358  0.9906134120468592
359  0.9886147157887127
360  0.9929128084746035
361  1.0
362  0.9875013653469967
363  1.0
364  0.9791143192443181
365  1.0
366  1.0
367  0.9821551463920173
368  0.9897562176803743
369  0.9952486859183552
370  0.9847477448067538
371  1.0
372  0.9852193602568329
373  0.9970323534618497
374  0.9852213171220705
375  0.9796150000796194
376  0.9995031178134861
377  0.994781895232283
378  0.9947378803307617
379  0.9966268380650777
380  0.9959361098066151
381  0.9923301689784833
382  0.9941954750076286
383  0.996805135435048
384  0.9737839830208288
385  0.7663389320865401
386  0.6842028055728443
387  0.9006510128406063
388  0.9826767286865314
389  0.992217733848204
390  1.0
391  0.9937707837068308
392  0.9954637735692856
393  0.9936497529342794
394  1.0
395  1.0
396  0.9857526109778783
397  0.9855113878906286
398  0.9852957032977742
399  0.9949062231076636
400  1.0
401  0.9926086722912522
402  0.9897105517757427
403  1.0
404  1.0
405  1.0
406  1.0
407  0.9960932268910264
408  1.0
409  0.9918179490826341
410  1.0
411  0.9956261969498612
412  0.996674008596641
413  0.9918591317712475
414  0.9994291800594515
415  0.9924139671324481
416  0.9936494218622377
417  0.9889669377577464
418  0.9979361672080969
419  0.9861602399385281
420  0.9860703127696159
421  0.9977712799954641
422  0.9930555893443621
423  0.9831409263191392
424  0.9894674118602782
425  0.9906479348432193
426  0.9923457362215155
427  0.9864144076563576
428  1.0
429  1.0
430  1.0
431  1.0
432  0.9895508292962026
433  1.0
434  1.0
435  0.9962609860257868
436  1.0
437  0.9848224788987295
438  0.9910304332322156
439  0.9908563434135946
440  1.0
441  0.993692823342978
442  0.9998585882392552
443  1.0
444  1.0
445  0.9925220352592622
446  1.0
447  0.9956149816889405
448  0.9979500201086656
449  0.9991175093912595
450  0.9578444726068229
451  0.7204459002535926
452  0.02182203545487435
453  0.010514618904806854
454  0.008954038073465702
455  0.010773745209210012
456  0.013307327659327881
457  0.01782913651855563
458  0.025903551755320317
459  0.03885878887694901
460  0.0682820189571249
461  0.12596577816638108
462  0.26640001886838144
463  0.6222644011236432
464  0.9244714418452914
465  0.9969975837342557
466  1.0
467  1.0
468  0.9991020217624472
469  1.0
470  1.0
471  1.0
472  1.0
473  1.0
474  0.9998713347732753
475  0.9977622571677952
476  1.0
477  0.9904962090231754
478  1.0
479  1.0
480  0.9989856527437428
481  1.0
482  1.0
483  1.0
484  1.0
485  1.0
486  1.0
487  1.0
488  1.0
489  1.0
490  1.0
491  0.9975327386380446
492  1.0
493  1.0
494  1.0
495  1.0
496  0.9988137571222626
497  1.0
498  0.9940165132266988
499  1.0
500  0.9974670716536073
501  1.0
502  0.9989068589452631
503  1.0
504  1.0
505  1.0
506  1.0
507  1.0
508  1.0
509  1.0
510  0.9954718448871589
511  1.0
512  0.9961410723636697
513  0.999183286274977
514  1.0
515  0.9959728088350208
516  1.0
517  1.0
518  1.0
519  1.0
520  1.0
521  1.0
522  0.9993904741081747
523  0.995308618794861
524  1.0
525  1.0
526  1.0
527  1.0
528  1.0
529  1.0
530  1.0
531  1.0
532  1.0
533  1.0
534  1.0
535  0.9928650909630492
536  1.0
537  1.0
538  1.0
539  1.0
540  0.9934164966761927
541  1.0
542  1.0
543  1.0
544  0.9967943613157527
545  1.0
546  1.0
547  0.9909320247084816
548  0.9943584246110418
549  1.0
550  0.9939443798404886
551  0.9936795858574875
552  1.0
553  1.0
554  0.9967940307702685
555  0.999302740687153
556  0.9929559426186394
557  1.0
558  0.9963954466657162
559  0.9951680020839084
560  0.9972080706718511
561  0.9914619681605752
562  0.9958019501790931
563  0.9944193297353747
564  1.0
565  1.0
566  0.9992504244250066
567  0.9967304074620663
568  0.9829012540599061
569  0.9257455431821731
570  0.6377857892990121
571  0.026143108571770664
572  0.014848703160129761
573  0.017838977710774844
574  0.027421889891533525
575  0.0476258708392735
576  0.09801309426936847
577  0.23895479926273372
578  0.5739646155164257
579  0.8858999448010297
580  0.9877378132654158
581  1.0
582  1.0
583  0.9964273641301697
584  1.0
585  1.0
586  1.0
587  0.9959168994725548
588  1.0
589  0.9981735274507365
590  0.9900372224529784
591  0.9926484736983282
592  0.9971164546111523
593  0.9968971796397793
594  0.99825357342357
595  0.9967442882909507
596  0.9959517632832467
597  0.9970069185265831
598  1.0
599  1.0
600  0.9971036690874959
601  1.0
602  1.0
603  1.0
604  0.9985706856228951
605  0.9947668472748048
606  0.995203409090215
607  0.9989396339082061
608  1.0
609  1.0
610  0.9988407079020324
611  0.9979840508010692
612  0.9973852433488961
613  0.9978398794779012
614  1.0
615  0.9946269982238011
616  0.999496899080597
617  1.0
618  0.9958562394990644
619  0.9977176414014599
620  0.9949913201887053
621  0.9954519730099701
622  0.9965205341997417
623  0.9984137706161217
624  1.0
625  1.0
626  1.0
627  0.9946096311176519
628  1.0
629  0.9927764734710444
630  0.993040535399153
631  0.998217803942766
632  1.0
633  1.0
634  0.997853130467031
635  1.0
636  1.0
637  1.0
638  0.995537303757523
639  0.9610093714016347
640  0.903045209726385
