14  0.9890371782650142
15  1.0
16  1.0
17  0.999115472802024
18  1.0
19  1.0
20  1.0
21  0.9954349911976483
22  1.0
23  1.0
24  0.9973935666982024
25  1.0
26  1.0
27  1.0
28  1.0
29  1.0
30  0.9989267017785252
31  1.0
32  0.9991291776731381
33  0.9971963844537041
34  0.998505431794327
35  0.9972633589356593
36  0.9956974084582918
37  0.9973459268160086
38  0.9992036875693759
39  1.0
40  0.997785524985526
41  0.9972998959452246
42  1.0
43  1.0
44  0.9992502174503911
45  0.9971404073710313
46  0.9959511941371955
47  0.9968289797936731
48  0.9960149830257949
49  0.9915410054375116
50  0.9940396505095712
51  0.9958583256165837
52  0.9969857132911751
53  0.9937707487825315
54  0.9897923374773822
55  0.9973643727938574
56  0.9947559073305419
57  0.9942236678597768
58  0.9931855351727213
59  0.9946063403283915
60  0.9928068873471173
61  0.9924295527999679
62  0.9928559490431776
63  0.9906632327389152
64  0.9946350140317161
65  0.9876149108911789
66  0.9921178407526156
67  0.9898792689735744
68  0.9955509525515072
69  0.9902917537791848
70  0.9930592991417084
71  0.9884011900890167
72  0.9912136200911278
73  0.98678349303691
74  0.9929427747298335
75  0.993786624229956
76  0.9953468467657044
77  0.9891229059894129
78  0.9926047054026989
79  0.9950111501223388
80  0.9942311283023771
81  0.9939618091479471
82  0.9954257766566491
83  0.9889754410103248
84  0.9935973935198801
85  0.9985409521290899
86  0.995512706573124
87  0.9949268280176241
88  0.9900037401972763
89  0.9923541238415686
90  1.0
91  1.0
92  1.0
93  1.0
94  1.0
95  1.0
96  1.0
97  1.0
98  1.0
99  1.0
100  1.0
101  1.0
102  1.0
103  1.0
104  1.0
105  1.0
106  1.0
107  1.0
108  1.0
109  1.0
110  0.9997456924461383
111  1.0
112  1.0
113  0.9979129772380946
114  1.0
115  0.9985174721297867
116  1.0
117  0.9990885963747755
118  0.9990561290605615
119  1.0
120  1.0
121  0.9980163421638295
122  1.0
123  1.0
124  1.0
125  1.0
126  0.9987562789863607
127  1.0
128  1.0
129  1.0
130  1.0
131  1.0
132  1.0
133  1.0
134  1.0
135  1.0
136  0.9990562230214317
137  1.0
138  0.9969039825168879
139  0.999595185734855
140  0.9977824036849076
141  0.9972556964867558
142  0.9978999608709223
143  0.9998018528417211
144  1.0
145  0.9986244721439561
146  1.0
147  1.0
148  1.0
149  1.0
150  0.9963543975158887
151  1.0
152  0.9899110762341923
153  1.0
154  0.9946106182079542
155  0.9995467554165556
156  0.9947465736417268
157  1.0
158  1.0
159  1.0
160  1.0
161  0.996578952628265
162  0.9957831582872558
163  0.9947254197283821
164  1.0
165  1.0
166  1.0
167  1.0
168  1.0
169  0.9946525738938767
170  0.9991507930197859
171  0.995667103431366
172  1.0
173  1.0
174  0.9968221775247386
175  1.0
176  0.998025563687547
177  1.0
178  0.9984741174530186
179  1.0
180  1.0
181  1.0
182  1.0
183  1.0
184  0.9922747943549335
185  1.0
186  0.999159303427397
187  0.9964081896895576
188  0.9936760898665143
189  1.0
190  0.9938669993288662
191  1.0
192  1.0
193  1.0
194  1.0
195  1.0
196  1.0
197  0.9961106789295703
198  1.0
199  1.0
200  1.0
201  0.9971244359473811
202  1.0
203  1.0
204  1.0
205  0.9964998540537556
206  1.0
207  0.9932812287780339
208  0.996869022223116
209  1.0
210  1.0
211  1.0
212  1.0
213  1.0
214  0.9994630528339463
215  1.0
216  1.0
217  0.9996448321122812
218  1.0
219  1.0
220  0.9994193926386943
221  0.9957337834966898
222  1.0
223  1.0
224  0.9934752045531376
225  1.0
226  0.9941409319844939
227  0.9946127698613862
228  1.0
229  0.9998139801218864
230  1.0
231  1.0
232  1.0
233  1.0
234  0.9952555446055085
235  1.0
236  1.0
237  1.0
238  1.0
239  1.0
240  0.9955712497106243
241  0.9995048316047114
242  0.9999326222353498
243  0.9987467964241838
244  1.0
245  1.0
246  1.0
247  1.0
248  1.0
249  1.0
250  1.0
251  0.9949213739286217
252  1.0
253  0.9897337267232513
254  1.0
255  0.9929330570593513
256  1.0
257  0.9880961588162667
258  0.991000849167021
259  1.0
260  1.0
261  1.0
262  1.0
263  1.0
264  1.0
265  0.9928234409895133
266  1.0
267  0.9920369996694158
268  0.9953013034205823
269  1.0
270  1.0
271  1.0
272  1.0
273  1.0
274  1.0
275  1.0
276  1.0
277  1.0
278  1.0
279  0.9996745791309689
280  1.0
281  0.9925518109730788
282  1.0
283  0.9982229150790849
284  1.0
285  1.0
286  1.0
287  1.0
288  1.0
289  1.0
290  1.0
291  0.9957594330344262
292  0.9919966129010229
293  1.0
294  0.9973699521268068
295  1.0
296  1.0
297  0.9965093401721445
298  1.0
299  0.9956035710644197
300  1.0
301  1.0
302  1.0
303  1.0
304  1.0
305  1.0
306  1.0
307  1.0
308  1.0
309  0.996208251027405
310  1.0
311  0.9911320243690287
312  1.0
313  0.9998101027968007
314  0.9942982763862578
315  0.9991337251482618
316  0.9935701489266274
317  1.0
318  1.0
319  1.0
320  0.9970858715895587
321  0.9950849869859003
322  0.9928688525508643
323  0.9961267620220722
324  1.0
325  1.0
326  0.9842471261649085
327  1.0
328  1.0
329  0.997363941063684
330  1.0
331  1.0
332  0.9915840698731612
333  0.9974935816446278
334  0.9998072679741146
335  0.9881920231700563
336  0.9919424253196909
337  0.9907342647736433
338  1.0
339  0.9976478514309147
340  1.0
341  1.0
342  1.0
343  1.0
344  1.0
345  0.9986923072314061
346  1.0
347  1.0
348  1.0
349  1.0
350  0.9941007328594446
351  1.0
352  0.9967889062724787
353  1.0
354  0.9960430158991311
355  1.0
356  1.0
357  1.0
358  0.9952285740119686
359  1.0
360  1.0
361  1.0
362  1.0
363  0.9991464327547184
364  1.0
365  0.9986039696028723
366  1.0
367  1.0
368  0.989308687476031
369  1.0
370  0.9949215433476936
371  1.0
372  1.0
373  1.0
374  1.0
375  0.9934116088188744
376  0.9893709226467847
377  1.0
378  1.0
379  1.0
380  1.0
381  1.0
382  1.0
383  1.0
384  1.0
385  1.0
386  1.0
387  1.0
388  1.0
389  1.0
390  1.0
391  1.0
392  1.0
393  0.9881705256189132
394  1.0
395  1.0
396  1.0
397  1.0
398  1.0
399  1.0
400  1.0
401  1.0
402  0.9903733295875781
403  1.0
404  1.0
405  1.0
406  0.9987172554296566
407  0.992919998501327
408  0.9848053181386515
409  1.0
410  0.9979149056072133
411  0.9994406066467497
412  1.0
413  0.9905625877311793
414  1.0
415  1.0
416  1.0
417  1.0
418  1.0
419  1.0
420  1.0
421  1.0
422  0.9922512286568375
423  1.0
424  1.0
425  1.0
426  0.9980195973755359
427  1.0
428  1.0
429  1.0
430  1.0
431  1.0
432  1.0
433  1.0
434  1.0
435  1.0
436  1.0
437  1.0
438  1.0
439  1.0
440  1.0
441  1.0
442  0.9910446484749635
443  1.0
444  1.0
445  1.0
446  1.0
447  1.0
448  0.9954222757058666
449  1.0
450  1.0
451  1.0
452  1.0
453  1.0
454  1.0
455  1.0
456  1.0
457  0.9852803738317757
458  1.0
459  1.0
460  1.0
461  1.0
462  1.0
463  1.0
464  1.0
465  1.0
466  0.98571598619212
467  1.0
468  0.9946960718771525
469  1.0
470  1.0
471  1.0
472  1.0
473  0.9953920756150924
474  1.0
475  1.0
476  1.0
477  1.0
478  1.0
479  1.0
480  1.0
481  0.9966307463344726
482  0.9963906346236364
483  1.0
484  1.0
485  1.0
486  0.9966315687763873
487  1.0
488  1.0
489  1.0
490  0.9986593484310379
491  1.0
492  1.0
493  0.9888597640891219
494  1.0
495  1.0
496  1.0
