2 0.853958
3 0.916551
4 0.912677
5 0.925926
6 0.925926
7 0.925926
8 0.925926
9 0.925926
10 0.924820
11 0.925926
12 0.925926
13 0.902833
14 0.925926
15 0.925926
16 0.923898
17 0.920970
18 0.925926
19 0.918802
20 0.917938
21 0.925926
22 0.898237
23 0.893135
24 0.925926
25 0.911252
26 0.897162
27 0.902344
28 0.925926
29 0.922051
30 0.925926
31 0.907928
32 0.925926
33 0.925926
34 0.890798
35 0.925926
36 0.900196
37 0.909112
38 0.852027
39 0.915332
40 0.893997
41 0.925926
42 0.925926
43 0.925926
452 0.925926
455 0.925926
456 0.925926
457 0.925926
458 0.462963
459 0.925926
460 0.925926
461 0.925926
462 0.810185
463 0.841751
464 0.925926
465 0.925926
466 0.925926
467 0.925926
468 0.878198
469 0.925926
470 0.913633
471 0.925926
472 0.898503
473 0.902705
474 0.899398
475 0.896148
476 0.893432
477 0.907667
478 0.925926
479 0.909181
480 0.905970
481 0.915868
482 0.915896
483 0.889221
484 0.925926
485 0.925926
486 0.911260
487 0.917576
488 0.924095
489 0.925926
490 0.912776
491 0.920273
492 0.907983
493 0.921416
494 0.902239
495 0.905833
496 0.915026
497 0.917639
498 0.925926
499 0.925926
500 0.925926
501 0.925926
502 0.925926
503 0.925926
504 0.925926
505 0.925926
506 0.925926
507 0.925926
508 0.925926
509 0.878125
