2  1.0
3  1.0
4  0.994503431849283
5  0.9894863878121033
6  0.9938414479160526
7  0.9918223640250521
8  0.9923171867164957
9  0.9930520679202718
10  0.9934448989259956
11  0.9946093498718329
12  0.9946095059733276
13  0.9967402571372
14  0.9975324337941414
15  0.9971451441260771
16  0.9986451024911519
17  0.9971025221756212
18  0.9977942661893079
19  0.996815989640435
20  0.9989787375502909
21  0.9985616579112225
22  0.9984936030165371
23  0.9985533003857532
24  0.9986587194281917
25  1.0
26  1.0
27  1.0
28  1.0
29  0.9981327457787218
30  1.0
31  1.0
32  1.0
33  0.9999026191659139
34  1.0
35  1.0
36  1.0
37  1.0
38  1.0
39  1.0
40  1.0
41  0.9999952240709121
42  0.9997216005854072
43  1.0
44  1.0
45  0.99777216488302
46  0.9994649438848335
47  1.0
48  1.0
49  1.0
50  1.0
51  1.0
52  1.0
53  1.0
54  1.0
55  0.9989087976087347
56  1.0
57  1.0
58  0.998941230432743
59  0.9987246790685408
60  1.0
61  1.0
62  0.9995683654200963
63  0.9995149655193832
64  0.9990271726230675
65  1.0
66  1.0
67  1.0
68  1.0
69  0.9985085526912618
70  1.0
71  1.0
72  1.0
73  1.0
74  1.0
75  1.0
76  1.0
77  0.9994048650105481
78  1.0
79  0.9990630196133625
80  1.0
81  1.0
82  1.0
83  0.9999410205051658
84  1.0
85  1.0
86  1.0
87  1.0
88  1.0
89  1.0
90  0.9983001826669373
91  1.0
92  1.0
93  1.0
94  0.9995391834354354
95  1.0
96  0.999479978661015
97  0.9981589074171886
98  1.0
99  1.0
100  1.0
101  1.0
102  0.9984840107724411
103  0.9998493092146131
104  1.0
105  0.998377298003285
106  1.0
107  1.0
108  1.0
109  1.0
110  0.9986092984445538
111  1.0
112  1.0
113  1.0
114  1.0
115  1.0
116  1.0
117  0.9980824771554377
118  1.0
119  1.0
120  0.998545001039285
121  1.0
122  1.0
123  1.0
124  0.9984089101034208
125  1.0
126  1.0
127  0.9981866139136168
128  0.9980441746754342
129  1.0
130  0.9976974525784876
131  1.0
132  1.0
133  0.9981121650244037
134  0.9984989009810754
135  0.9981352880658436
136  0.9977819765053808
137  0.9978397062000433
138  0.9977186311787072
139  0.997089117778773
