18  1.0
19  1.0
20  1.0
21  1.0
22  0.9871013133208255
23  0.9887747336377474
24  0.9876524390243903
25  1.0
26  1.0
27  0.9940402902902903
28  1.0
29  0.9982810308806274
30  0.9988071652215392
31  1.0
32  1.0
33  0.9954290359377933
34  1.0
35  0.9959534045557953
36  0.9938902111850035
37  0.9915379970022948
38  0.9983081468339194
39  1.0
40  1.0
41  0.9984855055390706
42  0.9960037576246973
43  0.9930892815558457
44  1.0
45  0.9973396450985763
46  0.9986508414416992
47  0.9929159982744903
48  0.9994006618724898
49  0.9973148495762467
50  0.9961045259614216
51  0.9995541033592112
52  0.9949251265792405
53  0.9937540779018094
54  0.9986237454166562
55  0.9968762228427135
56  1.0
57  0.9992166038280993
58  0.9969886386427573
59  0.9931207527529295
60  0.9918805339054504
61  0.9959045431356642
62  0.9945321883380471
63  0.9936476346203754
64  0.9965390450792037
65  0.9948393670164931
66  1.0
67  0.9936214250969516
68  0.9966526208137796
69  0.9947056679195001
70  0.9967797649646546
71  0.9917921610427995
72  0.9955898611064516
73  0.9971325979636536
74  0.9975898255180438
75  0.997380937507356
76  0.9957701964708109
77  0.9953780934669939
78  0.9954148590134313
79  1.0
80  0.9871564000724161
81  0.9928906281684657
82  0.9926853999665364
83  0.9861010426498237
84  0.9929991691996667
85  0.9919108411235329
86  0.9893576463104263
87  0.9860443727394003
88  0.9930421811060357
89  0.9938031475878701
90  0.989794382237459
91  0.9913033434230334
92  0.9888321077978544
93  0.9909822684770794
94  0.9916208020668132
95  0.9946569254035106
96  0.9911638893901219
97  0.9964152950366588
98  0.9907820436704269
99  0.9842217077640095
100  1.0
101  0.9829833589403216
102  0.9940572714790936
103  0.9967520625374907
104  0.9931855775245119
105  1.0
106  0.9893017364531554
107  0.9914693621823487
108  0.994287991119539
109  0.9996128060547852
110  0.9913129512435401
111  0.9901614164312343
112  0.9981270134605299
113  0.9902599534374988
114  1.0
115  0.9956000486923477
116  1.0
117  0.9998298236161957
118  0.99535989639193
119  1.0
120  1.0
121  1.0
122  0.9971929312760468
123  1.0
124  0.9974947572200821
125  1.0
126  1.0
127  1.0
128  1.0
129  1.0
130  1.0
131  1.0
132  1.0
133  1.0
134  1.0
135  1.0
136  1.0
137  1.0
138  1.0
139  1.0
140  1.0
141  1.0
142  1.0
143  1.0
144  1.0
145  0.9996612491287304
146  1.0
147  0.9994735276858738
148  1.0
149  0.9944684364747062
150  0.9995621678749265
151  0.9987229971753324
152  1.0
153  1.0
154  0.99742733593687
155  1.0
156  1.0
157  1.0
158  1.0
159  1.0
160  0.9999678248295066
161  1.0
162  1.0
163  1.0
164  1.0
165  1.0
166  1.0
167  1.0
168  1.0
169  1.0
170  1.0
171  1.0
172  0.9982690705192938
173  0.9935455073298526
174  1.0
175  1.0
176  1.0
177  0.9955769893574372
178  0.9972304743730038
179  0.9972536707528804
180  1.0
181  0.9986263533400147
182  1.0
183  0.9973564616313344
184  0.9949367919740161
185  1.0
186  0.9991283294182238
187  1.0
188  1.0
189  1.0
190  1.0
191  1.0
192  0.9991934911012701
193  1.0
194  1.0
195  0.9945218789496492
196  1.0
197  0.9958441403834432
198  0.9907417422831161
199  0.9970808444704027
200  0.9946376227754522
201  0.9975243838738953
202  1.0
203  0.9960261346704671
204  0.9989900240994386
205  0.9878351772185334
206  0.9889892466883923
207  1.0
208  1.0
209  1.0
210  1.0
211  1.0
212  0.996388404941188
213  0.9941870777738234
214  0.9921966679699638
215  0.9982118833945818
216  1.0
217  0.9975361722918915
218  1.0
219  0.9960247358199954
220  0.994375696277082
221  0.9980203787711245
222  1.0
223  0.9985917766934558
224  0.9931737987358059
225  0.9937517782035447
226  1.0
227  1.0
228  0.998391126342363
229  0.9999831192797898
230  1.0
231  0.9936905583291402
232  0.9925564421352138
233  0.9962092703505881
234  0.9926653578951714
235  1.0
236  0.9914624529787555
237  0.9892080367885117
238  0.990857144680593
239  0.9954937621648743
240  1.0
241  1.0
242  0.9882607535250588
243  0.9988679581841333
244  1.0
245  0.9932838762430517
246  1.0
247  0.9918573941524376
248  1.0
249  0.9907002451199005
250  1.0
251  0.996939230981784
252  1.0
253  0.9962040017738389
254  1.0
255  1.0
256  0.9916850927345484
257  0.9974888414664734
258  0.9997828251695198
259  0.9967384549912888
260  1.0
261  0.9896970560730125
262  1.0
263  1.0
264  0.9984851520840563
265  0.9936809932110812
266  1.0
267  0.9928013292326197
268  0.9919597545632556
269  0.992725679763126
270  1.0
271  0.9847824090505216
272  0.994382389181585
273  0.9997564819816497
274  1.0
275  0.9911833381579277
276  0.9910744948521527
277  1.0
278  0.9898748893890428
279  1.0
280  1.0
281  0.9910201499813112
282  0.9963166664008715
283  0.9978831172533892
284  0.988645624712625
285  1.0
286  1.0
287  1.0
288  0.9864592783263879
289  0.9899908280702148
290  0.9994504125328251
291  1.0
292  1.0
293  0.9918459395848149
294  1.0
295  0.9934296305356302
296  0.9955796702368573
297  0.9971978666020613
298  1.0
299  0.9994458386061936
300  0.9960760462539097
301  1.0
302  0.9977170240737339
303  1.0
304  0.9911969182528
305  1.0
306  0.9982080806584808
307  0.9910055462588799
308  1.0
309  1.0
310  1.0
311  0.9953843397824246
312  0.9990394728634485
313  1.0
314  0.9986374165417632
315  1.0
316  0.9937038296517644
317  0.9977751592593767
318  0.9921692234658136
319  1.0
320  1.0
321  1.0
322  0.9886833738820133
323  1.0
324  0.9952965522636069
325  0.9937330245805961
326  1.0
327  0.9848601418472231
328  0.9905724039135604
329  1.0
330  1.0
331  0.990033113747969
332  0.987633106130001
333  0.9974288698404433
334  1.0
335  0.9938673080531312
336  0.9863478437947087
337  0.9934881158234395
338  0.9955887993862679
339  0.995322928450157
340  0.9994688401632271
341  0.991580525490422
342  0.9987648950966335
343  0.9889584567845437
344  1.0
345  0.9995116654739673
346  0.9969920049427082
347  0.988779574794836
348  0.9930824412883096
349  0.996134708223935
350  0.9975962975347477
351  1.0
352  1.0
353  1.0
354  1.0
355  1.0
356  1.0
357  1.0
358  0.9983562129443356
359  0.9967172400738252
360  1.0
361  1.0
362  1.0
363  0.9927456277841941
364  1.0
365  1.0
366  0.9940512265235512
367  1.0
368  0.9835124052779218
369  1.0
370  1.0
371  0.9946011709820262
372  1.0
373  0.9894755677702063
374  0.9900943654054971
375  1.0
376  0.9869645563897939
377  1.0
378  0.9918564388623955
379  0.9913963524862964
380  0.9995831660144411
381  1.0
382  0.9894795414407221
383  0.9985345641683419
384  0.9877519402720808
385  0.9859943740777176
386  0.9860364918479426
387  0.993917325978774
388  1.0
389  0.9929160099624841
390  1.0
391  1.0
392  1.0
393  1.0
394  1.0
395  0.9938577372696652
396  1.0
397  0.9999068315596743
398  0.9920490655901258
399  0.9945456821473917
400  0.986718054920372
401  0.9968381231072402
402  0.9866531289121905
403  1.0
404  0.9929495385673615
405  0.9972316963222535
406  0.9935605928102518
407  1.0
408  1.0
409  1.0
410  1.0
411  0.9766212113404276
412  0.9967884688393925
413  1.0
414  0.9874878051090673
415  0.9858308990587471
416  0.9806801352130511
417  0.9978101316622162
418  1.0
419  0.9839316527628216
420  1.0
421  1.0
422  0.9889577513966481
423  0.9893353030592892
424  1.0
425  1.0
426  1.0
427  0.9890398550724637
428  0.9901223503622673
429  0.9886371624253132
430  1.0
431  1.0
432  0.9810873771074348
433  1.0
434  0.9773334418683816
435  0.9968352064101336
436  0.980443804473165
437  0.999872499360605
438  0.996040087912088
439  1.0
440  1.0
441  1.0
442  1.0
443  0.9823629817308974
444  1.0
445  0.9807361505639102
446  0.9925732754092486
447  0.9902208282333741
448  1.0
449  1.0
450  1.0
451  1.0
452  1.0
453  1.0
454  1.0
455  0.9874940445940795
456  0.9899856992134568
457  1.0
458  1.0
459  1.0
460  0.9841720479298999
461  0.9844101244101243
462  1.0
463  0.9927327794114112
464  1.0
465  1.0
466  0.9986805503676003
467  1.0
468  1.0
469  1.0
470  1.0
471  0.9963318780951742
472  0.9983677970106573
473  0.9849253772066248
474  0.9889741920725137
475  1.0
476  1.0
477  0.9813287359909946
478  1.0
479  1.0
480  0.9989792787510745
481  1.0
482  1.0
483  1.0
484  1.0
485  1.0
486  0.9905365003388102
487  0.9869512682042881
488  1.0
489  1.0
490  1.0
491  1.0
492  1.0
493  0.9968775494632555
494  1.0
495  0.969310716736935
496  0.9967920411935964
497  1.0
498  1.0
499  0.9902761805042998
500  1.0
501  1.0
502  0.9867360922193719
503  1.0
504  0.9950412849395707
505  1.0
506  0.9938680286263754
507  1.0
508  1.0
509  1.0
510  0.9777767362657106
511  1.0
512  1.0
513  0.9823387142133978
514  1.0
515  0.9987479967948718
516  0.9764832433335939
517  0.9770542725957851
518  0.9879907893701991
519  1.0
520  0.9941571213698948
521  1.0
522  0.985374411485652
523  1.0
524  0.9712012550425818
525  1.0
526  1.0
527  0.9767313527238727
528  0.9864350532473377
529  1.0
530  1.0
531  0.9954859219861943
532  0.9999616668121909
533  1.0
534  0.998733212745924
535  0.989434259055545
536  1.0
537  0.9770748299319728
538  1.0
539  0.988769322743189
540  0.9746545211622444
541  0.9973758408053499
542  1.0
543  0.9850783994393271
544  0.9954896094476767
545  1.0
546  0.9857368262873173
547  0.9776929996130072
548  0.9782273249138921
549  0.9901116427432217
550  1.0
551  0.9885409641120301
552  1.0
553  1.0
554  1.0
555  0.9869562503900643
556  0.9883207070707071
557  0.9857982591788699
558  1.0
559  1.0
560  0.9785225155845102
561  1.0
562  0.9788258973178834
563  1.0
564  1.0
565  0.987989880145895
566  0.9710183461845254
567  1.0
568  1.0
569  1.0
570  1.0
571  1.0
572  1.0
573  0.9979496418307382
574  1.0
575  0.9888387648751653
576  1.0
577  0.9780505415162455
578  1.0
579  0.9996550431196101
580  1.0
581  1.0
582  1.0
583  1.0
584  0.9733715103793844
585  0.9968984843743995
586  0.9938681380261655
587  0.9903048968278411
588  0.9683420855213803
589  0.9836271567350217
590  1.0
591  1.0
592  1.0
593  0.9984989939637827
594  1.0
595  1.0
596  1.0
597  1.0
598  1.0
599  1.0
600  1.0
601  1.0
602  0.973435655253837
603  0.9713870733478577
604  1.0
605  1.0
606  0.981878734449995
607  1.0
608  1.0
609  0.9799565466131822
610  0.9824899833326369
611  1.0
612  1.0
613  0.986571620791043
614  1.0
615  1.0
616  0.9927020697408767
617  1.0
618  1.0
619  0.9819602678877062
620  0.9898757374168445
621  0.9972460851843252
622  0.9823720538929848
623  1.0
624  1.0
625  0.9748427672955975
626  1.0
627  1.0
628  0.9976690999916596
629  1.0
630  1.0
631  1.0
632  1.0
633  1.0
634  1.0
635  1.0
636  0.9752823702733672
637  0.9706032285471538
638  0.982406047073992
639  1.0
640  1.0
