9 1.000000
10 1.000000
11 1.000000
12 0.975250
13 1.000000
14 0.988656
15 0.989135
16 0.982491
17 0.992366
18 0.991657
19 0.998138
20 0.998522
21 1.000000
22 1.000000
23 1.000000
24 1.000000
25 0.990010
26 0.989489
27 1.000000
28 1.000000
29 1.000000
30 0.982902
31 1.000000
32 0.989146
33 1.000000
34 0.992154
35 0.995858
36 1.000000
37 0.990750
38 1.000000
39 1.000000
40 0.966102
41 0.997239
42 1.000000
43 0.995435
44 1.000000
45 1.000000
46 1.000000
47 1.000000
48 1.000000
49 1.000000
50 0.984375
51 0.986667
52 1.000000
53 1.000000
54 0.988112
55 1.000000
56 0.975000
57 0.985668
58 1.000000
59 1.000000
60 1.000000
61 1.000000
62 1.000000
63 1.000000
64 1.000000
65 1.000000
66 1.000000
67 1.000000
68 1.000000
69 1.000000
416 1.000000
419 1.000000
420 1.000000
421 1.000000
423 1.000000
424 0.750000
425 1.000000
426 0.500000
427 1.000000
428 1.000000
429 1.000000
430 1.000000
431 1.000000
432 0.875000
433 1.000000
434 0.933333
435 0.937500
436 0.857143
437 1.000000
438 1.000000
439 0.937500
440 1.000000
441 1.000000
442 1.000000
443 0.977778
444 1.000000
445 1.000000
446 0.984326
447 0.973333
448 0.987648
449 0.992357
450 0.999206
451 1.000000
452 0.991836
453 0.997243
454 0.980327
455 1.000000
456 0.988041
457 0.975207
458 1.000000
459 1.000000
460 0.995329
461 0.987338
462 0.992188
463 0.986501
464 0.970149
465 1.000000
466 0.994954
467 0.977856
468 0.994105
469 0.997608
470 1.000000
471 0.989608
472 1.000000
473 0.993076
474 1.000000
475 0.985186
476 0.989221
477 0.996350
478 0.983796
479 0.991679
480 1.000000
481 1.000000
482 0.995070
483 0.997519
484 0.990854
485 0.987696
486 0.999641
487 0.991702
488 0.993798
489 1.000000
490 0.988525
491 0.985621
492 1.000000
493 0.994295
494 1.000000
495 1.000000
496 1.000000
497 1.000000
498 1.000000
499 1.000000
500 0.788961
