51  0.9757281553398058
55  0.9715909090909091
57  0.970873786407767
58  0.9673202614379085
59  0.9720558882235529
60  0.9835466179159049
61  0.9839228295819936
62  0.971342383107089
63  0.9960815228732408
64  0.9546247818499127
65  0.994625086477569
66  0.9762174405436014
67  0.975609756097561
68  1.0
69  0.9825367647058824
70  0.9804444444444445
71  1.0
72  0.9786008230452675
73  0.9875912408759124
74  0.9832239241429613
75  0.9865437788018433
76  0.9926267281105992
77  0.984596426370918
78  0.9947859615300355
79  0.9845979204169913
80  1.0
81  1.0
82  0.9895364873778257
83  0.9953437222144228
84  0.9996095275283093
85  0.9853911404335532
86  0.9905484523516215
87  1.0
88  0.9889380232699231
89  0.9762670957361222
90  0.9945274395542014
91  0.9804305117323378
92  0.9980022449000607
93  0.9822399420079739
94  1.0
95  0.9990366949699587
96  0.9855299817056168
97  0.991276254690783
98  0.9938944309386091
99  0.988272563213722
100  0.9934945504087194
101  0.9959136426458041
102  1.0
103  0.991085336973598
104  0.9978494623655914
105  0.9964105684949935
106  0.9967403598971722
107  0.9776111408677022
108  0.9903950521206659
109  0.9885237624536876
110  0.9811612641624748
111  0.9936343171142427
112  0.9829412404393374
113  0.9828661153168265
114  0.9855371267036659
115  0.9854141475211607
116  0.9888012479790076
117  0.9954321692566473
118  0.9986498287867993
119  0.9906271014726826
120  0.9833093307056772
121  0.9920115768580173
122  0.9900127823485334
123  0.9866785491207324
124  0.9840542778189951
125  0.9951540821269639
126  0.9902782257268292
127  0.9914117957289713
128  0.9884360514224179
129  0.9992726141018774
130  0.9905682609705131
131  0.9950532540564928
132  0.9839941089182971
133  0.985734660273343
134  0.9858495747510325
135  0.996875191326831
136  1.0
137  0.989059555603758
138  0.9859637778036116
139  0.9889339642580373
140  0.9958897314152081
141  0.9893305790212286
142  0.9970664772727272
143  0.9917072051953696
144  0.995500321405614
145  0.9947307952241496
146  0.9989493409356631
147  0.9858725969409695
148  0.9853168408308908
149  0.9925724988697281
150  0.9950527779397728
151  0.985474712103941
152  1.0
153  0.9890188395365074
154  1.0
155  0.9705030997013283
156  0.9881275941399517
157  0.9962688234203083
158  0.991137287068888
159  0.9976128782159834
160  0.987360048398402
161  0.9995869552622086
162  0.9890732194591335
163  0.9909112696088902
164  0.9917268105766195
165  0.9803679142782211
166  1.0
167  1.0
168  0.9917649320687003
169  0.981457367348365
170  1.0
171  0.9882710920309591
172  0.9901879829316111
173  1.0
174  0.9757601843563716
175  0.9965731060895757
176  0.9820957636107552
177  0.9817756240558771
178  1.0
179  0.9972086840939299
180  0.9825622472140212
181  0.9922966399760533
182  0.9827190127282159
183  0.9795016098212183
184  0.9864359974009096
185  1.0
186  0.9986900732246478
187  1.0
188  1.0
189  0.9799767658650468
190  0.9128142442409153
191  0.6785394209605508
192  0.331674357106236
193  0.10661790076599269
194  0.04914473684210526
195  0.24970642059645798
196  0.7883297130135272
197  0.9598577119463809
198  0.9827946261159753
199  0.9923608532222272
200  0.9857680675680921
201  0.987622166877479
202  1.0
203  0.9942082482190712
204  1.0
205  0.9854020898126572
206  0.9876181063092798
207  0.9878224756273537
208  0.997466139103834
209  1.0
210  0.9853437803015949
211  0.9946038080984452
212  1.0
213  0.9952258057354713
214  0.9958780883205333
215  0.9965731224840536
216  1.0
217  0.9882582885304659
218  1.0
219  0.9903537267176673
220  0.9843530331892271
221  0.9971529110684582
222  0.9940067118711443
223  0.9670343388588193
224  1.0
225  0.9885213294367339
226  1.0
227  0.997533176080811
228  0.9851261932101558
229  0.9790277453253531
230  0.9881640583095939
231  0.9793619466035823
232  1.0
233  0.9742670560659806
234  0.9759335388831791
235  0.9986050694712112
236  0.9934236163668861
237  1.0
238  0.9768241122610433
239  0.9951468537482876
240  0.9824705399542709
241  0.9993735578780317
242  1.0
243  0.9986519258328919
244  0.9636571896991498
245  1.0
246  0.9633999844997289
247  0.9880065236482248
248  0.9841156903278402
249  0.9814413999539489
250  0.9736441162885291
251  0.9782643430835766
252  1.0
253  0.9961301067894581
254  1.0
255  0.9900751120637866
256  1.0
257  1.0
258  0.9258964981001877
259  0.9594651579576202
260  0.9983971604775231
261  0.9879945714583985
262  0.9814157497084326
263  1.0
264  0.9988451974232775
265  0.9796314581554227
266  0.9823552010537485
267  0.986801338730869
268  0.9747484571448781
269  0.9929893745207581
270  0.9803154960223023
271  0.9824863202046087
272  1.0
273  0.9896156357107883
274  1.0
275  0.9751186017478152
276  0.97651856841612
277  0.9867277276003901
278  0.9736849030288676
279  0.9861825276770445
280  0.9619768054823405
281  0.9880615771284952
282  1.0
283  0.9777221526908635
284  0.9925386053597395
285  1.0
286  0.9820078611613422
287  1.0
288  0.992870435265969
289  0.9920442753372535
290  1.0
291  0.9745637385388939
292  0.9899929840109302
293  0.986084378861325
294  1.0
295  0.9844400654372397
296  1.0
297  0.992915196828848
298  0.9832784726793944
299  1.0
300  0.9819701709523748
301  0.9862468880927804
302  0.9841154667671819
303  0.9897989184843895
304  0.9830900419135713
305  0.9870654068434088
306  1.0
307  0.9920820503322297
308  0.9944586467276462
309  0.9815799714619275
310  0.9936736659603159
311  0.9819264693759788
312  0.9865079365079366
313  0.9939875097239489
314  1.0
315  0.9942716857610475
316  0.9977208325982149
317  0.9772006344171293
318  0.970904687770282
319  0.9965697240865026
320  0.9129693746430612
321  0.6531570315703157
322  0.33266596417281347
323  0.12106163699309412
324  0.05874044533067464
325  0.02307984378390106
326  0.017571692505422124
327  0.03352537722908093
328  0.27855702714916397
329  0.8792141513310122
330  0.9899837867050981
331  1.0
332  0.9855572213893055
333  0.9858376858175975
334  0.9772321428571428
335  1.0
336  0.9864325979146191
337  0.9963611393743765
338  1.0
339  1.0
340  0.9769619525717087
341  0.9964958388085853
342  0.9740888982515273
343  0.9762396694214877
344  1.0
345  0.9710428952353805
346  0.9889528795811519
347  0.9598456796966808
348  0.9765059092642013
349  1.0
350  1.0
351  0.9915896016893614
352  1.0
353  0.9950103558651855
354  1.0
355  0.9867423162456521
356  1.0
357  0.9931808869128071
358  0.9736497342726487
359  1.0
360  0.9659102916314456
361  0.9481294824578407
362  0.9840487886569164
363  1.0
364  1.0
365  0.986463287236918
366  0.9975669099756691
367  0.9720775678222487
368  1.0
369  0.9947545346312768
370  1.0
371  0.9924561777020794
372  1.0
373  0.9858293675059154
374  1.0
375  1.0
376  1.0
377  0.9932230956898889
378  0.9750436479408442
379  0.9679186031905539
380  0.9937074099085272
381  0.9816257225433527
382  0.9680445978522901
383  0.8616600134447645
384  0.6063013136288998
385  0.5475532754538279
386  0.8342589009287926
387  0.9473747446834074
388  1.0
389  1.0
390  0.9902361789154243
391  0.9924953942853014
392  0.9803579223046704
393  1.0
394  0.9798607412667416
395  1.0
396  1.0
397  0.9983022071307301
398  1.0
399  1.0
400  0.9852987175477009
401  0.9893242488805842
402  1.0
403  1.0
404  0.9722861085556578
405  1.0
406  1.0
407  1.0
408  0.986610574869736
409  0.9800595238095239
410  0.9627547563677648
411  1.0
412  0.9676421248835042
413  1.0
414  1.0
415  1.0
416  0.9947089947089947
417  0.983260072425809
418  0.9779659177249539
419  0.9768219948601077
420  1.0
421  0.9880829397874852
422  0.9764392208074871
423  0.9957640925382861
424  1.0
425  0.9932206158621253
426  0.9599609375
427  0.9614243323442137
428  0.9598393574297188
429  0.9829868772500291
430  0.999271880005825
431  1.0
432  0.9880105669579353
433  0.9793264248704664
434  0.9977173548170527
435  0.9894141075358976
436  1.0
437  1.0
438  0.9687871209753047
439  0.9790686670192335
440  0.964323467230444
441  0.9740372337910052
442  0.9940742881919352
443  1.0
444  1.0
445  0.985851831212656
446  0.9707270233196159
447  0.9710308318219695
448  0.9959005408132695
449  0.9861949956859362
450  0.9915016059957173
451  0.9784342278621455
452  0.9577464788732394
453  1.0
454  0.9845009416195857
455  1.0
456  1.0
457  0.9764528428373905
458  1.0
459  0.980722891566265
460  0.9662916605103743
461  1.0
462  0.9688877671209827
463  1.0
464  1.0
465  0.999047921294827
466  0.980340839926963
467  1.0
468  0.9787920502452035
469  0.9915389140741253
470  0.9414114513981359
471  0.9701863354037267
472  0.9598337950138505
473  0.9543147208121827
474  0.9726411519514967
475  0.9705785123966942
476  0.9859852424107364
477  0.9823904083926563
478  0.9993050106490304
479  0.9648883374689826
480  1.0
481  0.967741935483871
482  0.9838776174460236
483  0.9538670284938942
484  1.0
485  0.9832647462277092
486  0.9626436781609196
487  0.9970126407268418
488  1.0
489  1.0
490  1.0
491  0.9619047619047619
492  0.9765625
493  1.0
494  1.0
495  1.0
496  1.0
497  1.0
498  1.0
499  1.0
500  1.0
501  1.0
502  0.997854387656702
503  0.9805103475989553
504  0.9761868300153139
505  0.9871454805141807
506  0.9827683964008381
507  0.9652294853963839
508  0.9687924016282226
509  0.8990440029832532
510  0.5691791430046463
511  0.4508717176065432
512  0.8605714285714287
513  0.9819021948402002
514  0.968270944741533
515  1.0
516  0.9986617597858816
517  0.9666136724960254
518  1.0
519  1.0
520  1.0
521  0.9970731707317074
522  0.9833916083916084
523  0.9758260447035957
524  0.9792448112028007
525  1.0
526  0.9661016949152542
527  0.9937494859774653
528  1.0
529  0.970108695652174
530  1.0
531  1.0
532  0.9533213644524237
533  1.0
534  0.9682202738040302
535  1.0
536  0.9547657512116317
537  1.0
538  0.993897122929381
539  0.9559082892416225
540  0.9900092351607758
541  1.0
542  0.9910926134816601
543  0.9708915046993338
544  0.9710144927536233
545  1.0
546  0.9659372565682317
547  0.9844349680170575
548  0.9600725952813067
549  0.9631490787269682
550  0.9666452625570776
551  1.0
552  0.9708904109589042
553  0.9935897435897436
554  1.0
555  0.9796672828096118
556  0.9609665427509294
557  0.9548611111111112
558  0.9579349904397706
559  0.9979275110854059
560  0.983563560062948
561  0.9815647482014387
562  0.953757225433526
563  0.9555160142348754
564  1.0
565  1.0
566  1.0
567  1.0
568  0.9418604651162791
569  0.9661921708185054
570  1.0
571  1.0
572  1.0
573  0.9551673811912799
574  0.8259681093394078
575  0.4637305699481865
576  0.2004895960832313
577  0.12267870111007366
578  0.05555555555555555
579  0.26853423882286365
580  0.8380168606985147
581  0.9948865452221156
582  0.9558823529411765
583  0.9984528832630097
584  0.9573991031390134
585  0.9574036511156186
586  0.9630390143737166
587  0.9942652863632978
588  1.0
589  0.9855997996493864
590  1.0
591  1.0
592  0.9667405764966741
593  1.0
594  1.0
595  0.9549356223175965
596  1.0
597  0.9966329966329966
598  0.9625550660792952
599  0.9941880053908355
600  0.9661016949152542
601  0.9655172413793104
602  0.9444444444444444
603  0.9810526315789474
604  1.0
605  0.9498806682577565
606  1.0
607  1.0
608  0.9968627450980392
609  1.0
610  1.0
611  0.9585253456221198
612  1.0
613  0.958997722095672
614  1.0
616  1.0
617  0.9558498896247241
619  0.964622641509434
620  1.0
621  0.955503512880562
622  1.0
623  0.9682539682539683
624  0.9665809768637532
625  1.0
626  0.9944196428571428
627  0.9615384615384616
628  0.9561643835616438
629  0.9774011299435028
630  0.9672544080604534
631  0.9877401965046518
632  0.9770408163265306
633  0.9867249726690615
635  1.0
636  1.0
637  0.9767002518891688
638  0.9404466501240695
639  0.7834549878345499
640  0.40103750997605747
