9  1.0
10  1.0
11  1.0
12  1.0
13  1.0
14  1.0
15  1.0
16  1.0
17  1.0
18  1.0
19  1.0
20  1.0
21  1.0
22  1.0
23  1.0
24  1.0
25  1.0
26  1.0
27  1.0
28  1.0
29  1.0
30  1.0
31  1.0
32  1.0
33  1.0
34  1.0
35  1.0
36  1.0
37  1.0
38  1.0
39  1.0
40  1.0
41  1.0
42  1.0
43  1.0
44  1.0
45  1.0
46  1.0
47  1.0
48  1.0
49  1.0
50  1.0
51  1.0
52  1.0
53  1.0
54  1.0
55  1.0
56  1.0
57  1.0
58  1.0
59  0.9990735745020427
60  1.0
61  1.0
62  1.0
63  1.0
64  1.0
65  1.0
66  1.0
67  1.0
68  1.0
69  1.0
70  1.0
71  1.0
72  1.0
73  1.0
74  1.0
75  1.0
76  1.0
77  1.0
78  1.0
79  1.0
80  1.0
81  1.0
82  1.0
83  1.0
84  1.0
85  1.0
86  1.0
87  1.0
88  1.0
89  1.0
90  1.0
91  1.0
92  1.0
93  1.0
94  0.9981422527610707
95  1.0
96  1.0
97  1.0
98  1.0
99  1.0
100  1.0
101  1.0
102  0.9998865923208595
103  1.0
104  1.0
105  1.0
106  1.0
107  1.0
108  1.0
109  1.0
110  1.0
111  1.0
112  1.0
113  1.0
114  0.9991616138067843
115  1.0
116  1.0
117  1.0
118  1.0
119  1.0
120  1.0
121  1.0
122  1.0
123  1.0
124  1.0
125  1.0
126  1.0
127  1.0
128  1.0
129  1.0
130  1.0
131  1.0
132  1.0
133  1.0
134  1.0
135  1.0
136  1.0
137  0.999761303574321
138  1.0
139  1.0
140  1.0
141  0.9997519899206914
142  1.0
143  1.0
144  1.0
145  1.0
146  1.0
147  1.0
148  1.0
149  1.0
150  1.0
151  1.0
152  1.0
153  1.0
154  1.0
155  1.0
156  1.0
157  1.0
158  1.0
159  1.0
160  1.0
161  1.0
162  1.0
163  0.9987277754996898
164  1.0
165  1.0
166  1.0
167  1.0
168  0.9988401684570862
169  1.0
170  0.9990028985507247
171  0.9989970611559453
172  1.0
173  1.0
174  1.0
175  0.9989690337486181
176  1.0
177  1.0
178  1.0
179  0.9991205964193837
180  0.9990002236341871
181  1.0
182  1.0
183  1.0
184  1.0
185  1.0
186  1.0
187  1.0
188  1.0
189  1.0
190  0.9989636538603893
191  1.0
192  1.0
193  1.0
194  1.0
195  1.0
196  1.0
197  1.0
198  1.0
199  1.0
200  1.0
201  1.0
202  0.9991945368586937
203  1.0
204  0.9989311481250557
205  1.0
206  1.0
207  1.0
208  1.0
209  0.9989956033959976
210  1.0
211  1.0
212  1.0
213  0.9989803059082275
214  1.0
215  1.0
216  1.0
217  0.9989251617526186
218  0.999188068885945
219  1.0
220  1.0
221  0.9993355776045358
222  0.9992181217049415
223  1.0
224  1.0
225  1.0
226  1.0
227  0.9992139862804879
228  0.9991827315994424
229  0.9992476641184322
230  1.0
231  1.0
232  0.9991615640641276
233  1.0
234  1.0
235  1.0
236  1.0
237  0.9992510565452308
238  0.9992161738472349
239  1.0
240  0.9993074984072463
241  1.0
242  1.0
243  0.9990523504580306
244  1.0
245  0.9989784302851639
246  0.9992013724562234
247  0.9990384615384615
248  0.9991541807636539
249  1.0
250  1.0
251  0.9994020644511581
252  1.0
253  1.0
254  1.0
255  0.9991091461000396
256  1.0
257  1.0
258  1.0
259  1.0
260  1.0
261  1.0
262  1.0
263  1.0
264  1.0
265  0.9994207096307024
266  0.9990998127610543
267  1.0
268  1.0
269  0.9989295337935108
270  1.0
271  1.0
272  0.9992069785884219
273  0.9995026208057542
274  0.9994634370688333
275  1.0
276  0.9992521745975519
277  1.0
278  0.9993898222348777
279  0.9994288511749347
280  1.0
281  0.9993359342574915
282  0.9989182892328174
283  1.0
284  1.0
285  1.0
286  0.9987970441656642
287  0.9991823033224307
288  1.0
289  0.9989967722236762
290  1.0
291  0.9993807501769285
292  1.0
293  1.0
294  1.0
295  1.0
296  1.0
297  0.9991443240159726
298  1.0
299  1.0
300  1.0
301  1.0
302  1.0
303  0.9992626456274886
304  0.9990670725719336
305  0.9989135265939059
306  1.0
307  0.99885298224616
308  1.0
309  0.9991446540880503
310  0.9986336723850008
311  0.9992385013706976
312  1.0
313  1.0
314  0.9983090797294527
315  0.9989161849710982
316  1.0
317  1.0
318  1.0
319  0.9987847405685301
320  1.0
321  1.0
322  0.9982012427777173
323  1.0
324  1.0
325  1.0
326  0.9987145092778895
327  0.9985412107950401
328  1.0
329  0.9983456930975471
330  0.9987397605545053
331  0.9985589116901084
332  0.9985409979573971
333  1.0
334  0.9985112844637647
335  1.0
336  1.0
337  1.0
338  0.9981735159817352
339  1.0
340  1.0
341  0.9978165938864629
342  0.9976939856653163
343  0.9981601319629488
344  1.0
345  0.9974985568597268
346  1.0
347  1.0
348  1.0
349  1.0
350  0.9975117686617351
351  1.0
352  1.0
353  1.0
354  1.0
355  0.9974055115349555
356  0.9975173420956553
357  0.9964752533411662
358  1.0
359  0.9968872870249017
360  1.0
361  1.0
362  0.9963459196102314
363  1.0
364  1.0
365  1.0
366  0.9934307768106422
367  1.0
368  1.0
369  1.0
370  0.9892189746046958
371  1.0
372  1.0
373  0.9886517157524993
374  1.0
375  1.0
376  1.0
377  1.0
378  1.0
379  1.0
380  0.9845772514458827
381  1.0
382  0.9852524106636416
383  1.0
384  1.0
385  1.0
386  1.0
387  0.9834058759521219
388  1.0
389  1.0
390  1.0
391  0.9859116022099448
392  1.0
393  1.0
394  1.0
395  1.0
396  0.9806683236674951
397  1.0
398  1.0
399  1.0
400  1.0
401  0.9846073571614923
402  0.9820880245649949
403  1.0
404  0.9778830963665087
405  0.979498861047836
406  1.0
407  0.9991248439305008
408  0.9968482070044743
409  0.9790575916230366
410  1.0
411  1.0
412  1.0
413  0.9930752320468978
414  0.9921871081013294
415  1.0
416  1.0
417  1.0
418  0.9888963043622497
419  0.9740767913915382
420  1.0
421  0.9899681826689126
422  1.0
423  0.9925690198800673
424  1.0
425  1.0
426  1.0
427  1.0
428  1.0
429  1.0
430  1.0
431  1.0
432  0.9663048394391678
433  0.9927070715248822
434  1.0
435  1.0
436  1.0
437  1.0
438  1.0
439  1.0
440  0.9659016393442623
441  1.0
442  0.9807480710715062
443  1.0
444  0.9953406862930637
445  1.0
446  1.0
447  0.9666594500974237
448  0.9978329054566256
449  1.0
450  0.9781170862505586
451  1.0
452  0.989909046718244
453  1.0
454  1.0
455  0.9914524109828272
456  1.0
457  0.9969396645610978
458  0.9695667709828195
459  1.0
460  1.0
461  1.0
462  0.9956153321932341
463  1.0
464  1.0
465  1.0
466  0.9632667828603831
467  0.9715736872286393
468  1.0
469  0.9754684215336807
470  1.0
471  1.0
472  0.9879761625603415
473  1.0
474  0.9865092748735244
475  1.0
476  0.9887076563261601
477  1.0
478  0.9672727272727272
479  1.0
480  1.0
481  0.9905406364604282
482  0.9571474296149446
483  1.0
484  0.9974246349641414
485  0.996627997684894
486  1.0
487  1.0
488  1.0
489  1.0
490  0.9947829287802531
491  0.9686781892687247
492  0.9572172619047619
493  0.9704692681541132
494  0.9463757698879653
495  1.0
496  1.0
497  1.0
498  1.0
499  0.9732566840431249
500  1.0
501  1.0
502  1.0
503  1.0
504  1.0
505  1.0
506  0.9557017137563687
507  0.9961934641872263
508  0.9969550587147243
509  1.0
510  1.0
511  1.0
512  1.0
513  1.0
514  1.0
515  0.9763041796590051
516  1.0
517  0.9958299352668332
518  0.9496519266594764
519  1.0
520  0.907073177105181
521  0.9884042132237946
522  0.9297305056607541
523  1.0
524  1.0
525  0.9872172231099151
526  0.9889491655831806
527  1.0
528  1.0
529  0.9791769344504683
530  0.9311506642153956
531  0.9544163850781742
532  0.9841233317993557
533  0.9146628948609146
534  0.9293438882219988
535  0.9312825908268946
536  0.9626889938470337
537  0.9267694869845409
538  0.9615920247653742
539  0.945616634770558
540  0.8890566741237882
541  0.9042935497480952
542  0.9230518258753072
543  0.859515874487318
544  1.0
545  0.8933397454165479
546  0.9407806898581806
547  0.9668370260392873
548  0.9202837702670997
549  0.9086150032486794
550  0.9556169914268392
551  0.8975450241065444
552  0.9270578647106765
553  0.8720738015250894
554  0.8751580927261131
555  0.8545749019388714
556  0.947937989177268
557  0.8599554234769688
558  0.83257825096273
559  0.8530649643561964
560  0.8757862537042348
561  0.8894050769381555
562  0.8901596305091889
563  0.9381822429571367
564  0.9061894397901077
565  0.9440342446134751
566  0.9304682170542636
567  0.9388310241405896
568  0.9438800792864223
569  0.9226206689910655
570  1.0
571  0.9969200887902332
572  0.9824163464242197
573  1.0
574  0.9894490918682644
575  1.0
576  0.9994319028460735
577  1.0
578  0.9779193617284498
579  1.0
580  0.9635842387484185
581  1.0
582  0.9474494068387997
583  0.9203226565863929
584  0.9813030931187254
585  1.0
586  1.0
587  1.0
588  1.0
589  0.9610976278877192
590  0.9814104672323445
591  0.9989153914984771
592  0.9721167837034225
593  1.0
594  1.0
595  0.9880838243245503
596  1.0
597  1.0
598  1.0
599  1.0
600  1.0
601  0.9655399259650977
602  0.9228822175717343
603  0.9917334632897398
604  1.0
605  0.9874772080527879
606  1.0
607  1.0
608  0.9766200028864194
609  0.9966345903771132
610  0.9851544753058962
611  1.0
612  1.0
613  1.0
614  1.0
615  1.0
616  1.0
617  1.0
618  1.0
619  1.0
620  0.9865701897629371
621  1.0
622  1.0
623  0.9807949010494608
624  1.0
625  1.0
626  1.0
627  1.0
628  1.0
629  1.0
630  1.0
631  1.0
632  1.0
633  1.0
634  1.0
635  1.0
636  1.0
637  0.9961639058413252
638  1.0
639  0.9907407407407407
