7 1.000000
8 0.998142
9 1.000000
10 1.000000
11 1.000000
12 1.000000
13 0.997291
14 0.997112
15 1.000000
16 0.993821
17 0.998684
18 1.000000
19 1.000000
20 1.000000
21 0.991810
22 1.000000
23 1.000000
24 1.000000
25 1.000000
26 1.000000
27 0.995797
28 0.998159
29 1.000000
30 0.995569
31 1.000000
32 0.986810
33 1.000000
34 0.994515
35 1.000000
36 0.991490
37 1.000000
38 0.997786
39 0.969831
40 0.984524
41 1.000000
42 1.000000
43 0.974692
44 0.985818
45 0.992777
46 1.000000
47 1.000000
48 0.968001
49 1.000000
50 1.000000
51 1.000000
52 1.000000
53 0.991947
54 1.000000
55 1.000000
56 1.000000
57 0.970243
58 1.000000
59 1.000000
60 0.986407
61 0.973026
62 0.950893
63 1.000000
64 0.963777
65 1.000000
66 0.947634
67 1.000000
68 0.961538
69 1.000000
70 1.000000
71 1.000000
72 1.000000
73 0.947368
74 1.000000
75 0.875000
76 1.000000
77 1.000000
78 1.000000
79 0.875000
80 1.000000
81 0.923077
82 1.000000
83 1.000000
84 1.000000
85 1.000000
86 1.000000
87 1.000000
402 1.000000
403 1.000000
407 1.000000
408 1.000000
409 1.000000
411 1.000000
412 0.937500
413 1.000000
414 1.000000
415 1.000000
416 1.000000
417 0.750000
418 1.000000
419 1.000000
420 1.000000
421 1.000000
422 1.000000
423 1.000000
424 0.953243
425 1.000000
426 0.975277
427 1.000000
428 0.888889
429 1.000000
430 1.000000
431 0.944444
432 0.978711
433 1.000000
434 1.000000
435 1.000000
436 0.965517
437 1.000000
438 0.971429
439 0.972464
440 1.000000
441 1.000000
442 1.000000
443 0.946056
444 0.972973
445 0.952381
446 1.000000
447 1.000000
448 1.000000
449 1.000000
450 1.000000
451 1.000000
452 1.000000
453 0.957004
454 0.961538
455 0.970933
456 1.000000
457 0.969666
458 1.000000
459 1.000000
460 0.994089
461 0.963497
462 0.994799
463 0.973099
464 0.963987
465 0.991843
466 1.000000
467 0.995350
468 1.000000
469 0.986171
470 0.993370
471 0.990566
472 0.986435
473 0.989192
474 1.000000
475 0.997111
476 1.000000
477 0.997106
478 1.000000
479 1.000000
480 0.986392
481 0.999972
482 1.000000
483 1.000000
484 0.993291
485 1.000000
486 1.000000
487 0.998476
488 0.992543
489 1.000000
490 1.000000
491 1.000000
492 1.000000
493 0.999209
494 1.000000
495 1.000000
496 1.000000
497 1.000000
498 1.000000
499 1.000000
500 1.000000
501 1.000000
502 0.975379
503 1.000000
