10 1.000000
11 1.000000
12 1.000000
13 1.000000
14 1.000000
15 0.995574
16 0.989909
17 1.000000
18 1.000000
19 0.998806
20 1.000000
21 0.997790
22 1.000000
23 0.987338
24 0.992262
25 0.999090
26 0.994501
27 0.987705
28 0.993813
29 0.983977
30 0.989896
31 0.996424
32 0.975455
33 0.997654
34 1.000000
35 0.997168
36 0.999433
37 0.995060
38 1.000000
39 0.987549
40 0.991450
41 1.000000
42 0.991369
43 0.993436
44 0.977273
45 0.990372
46 0.995037
47 1.000000
48 0.952482
49 0.977649
50 0.997349
51 0.957627
52 0.973537
53 0.977747
54 1.000000
55 1.000000
56 0.958606
57 0.976744
58 0.980562
59 0.944030
60 1.000000
61 0.960000
62 1.000000
63 0.933333
64 0.947368
65 1.000000
66 1.000000
67 1.000000
68 1.000000
447 1.000000
448 1.000000
449 1.000000
450 1.000000
451 0.944726
452 0.952381
453 1.000000
454 0.960000
455 1.000000
456 0.981341
457 0.979710
458 0.962500
459 0.983051
460 0.974436
461 0.919034
462 1.000000
463 0.996221
464 0.983056
465 0.978739
466 0.997838
467 0.987124
468 0.976449
469 1.000000
470 0.977113
471 1.000000
472 1.000000
473 0.968574
474 0.993874
475 0.974670
476 1.000000
477 0.973404
478 1.000000
479 0.985871
480 0.966013
481 1.000000
482 0.980089
483 0.989180
484 0.982186
485 0.992481
486 0.975316
487 0.995949
488 0.990046
489 1.000000
490 1.000000
491 1.000000
492 0.961666
493 0.985556
494 0.983458
495 0.985670
496 0.995514
497 1.000000
498 1.000000
499 0.978433
500 1.000000
501 1.000000
