13  1.0
14  1.0
15  1.0
16  0.9909901454716096
17  0.9923855837715986
18  1.0
19  1.0
20  0.9996190362967159
21  0.9997955719528595
22  0.9977841746604657
23  0.9967257703847501
24  1.0
25  1.0
26  1.0
27  1.0
28  1.0
29  1.0
30  1.0
31  1.0
32  1.0
33  1.0
34  1.0
35  1.0
36  1.0
37  1.0
38  1.0
39  1.0
40  1.0
41  1.0
42  1.0
43  0.9994127456808168
44  0.9991987155357425
45  1.0
46  1.0
47  0.9992687369944337
48  1.0
49  1.0
50  1.0
51  1.0
52  0.999520386096168
53  0.999081957723266
54  1.0
55  1.0
56  0.9993238620996866
57  1.0
58  0.9999586655107239
59  1.0
60  0.9979459485982838
61  1.0
62  1.0
63  1.0
64  1.0
65  1.0
66  1.0
67  1.0
68  1.0
69  1.0
70  1.0
71  1.0
72  1.0
73  1.0
74  1.0
75  0.9999979079641712
76  1.0
77  0.9994937288280517
78  1.0
79  0.9977535548224381
80  1.0
81  1.0
82  1.0
83  1.0
84  0.9999348736187729
85  1.0
86  1.0
87  1.0
88  0.9993225155931116
89  1.0
90  1.0
91  1.0
92  1.0
93  1.0
94  1.0
95  1.0
96  1.0
97  1.0
98  1.0
99  1.0
100  1.0
101  1.0
102  0.9999727662737328
103  1.0
104  0.99873787332169
105  0.9996846611390429
106  1.0
107  1.0
108  1.0
109  1.0
110  1.0
111  1.0
112  1.0
113  0.9999305206049269
114  0.9999526579151934
115  1.0
116  1.0
117  1.0
118  1.0
119  1.0
120  1.0
121  1.0
122  1.0
123  1.0
124  0.9979916338797974
125  0.9983699973989637
126  0.9994084675959565
127  1.0
128  1.0
129  1.0
130  1.0
131  0.9985378531515455
132  0.9974456317960255
133  0.9979092780886901
134  1.0
135  1.0
136  1.0
137  1.0
138  1.0
139  1.0
140  0.9993689388091586
141  1.0
142  0.9996411548757342
143  0.9995239526244546
144  0.9996439123322779
145  1.0
146  1.0
147  0.9995457477513046
148  0.9997325236299159
149  1.0
150  1.0
151  0.9996261559096346
152  0.9996950466176097
153  0.9996754776890824
154  1.0
155  0.9996431512867537
156  1.0
157  1.0
158  1.0
159  0.9998221389077527
160  1.0
161  1.0
162  1.0
163  1.0
164  1.0
165  1.0
166  1.0
167  0.9999139251377722
168  1.0
169  0.998716072974829
170  0.9999902844600951
171  0.9986712545507611
172  0.9986148175393837
173  1.0
174  1.0
175  1.0
176  1.0
177  1.0
178  1.0
179  1.0
180  1.0
181  1.0
182  1.0
183  1.0
184  1.0
185  0.9988774383511225
186  0.9989179791179218
187  1.0
188  1.0
189  1.0
190  1.0
191  1.0
192  1.0
193  0.9989593131466769
194  1.0
195  1.0
196  1.0
197  1.0
198  1.0
199  0.9988091662017766
200  1.0
201  1.0
202  0.9987069207848429
203  1.0
204  1.0
205  1.0
206  0.9988978095414888
207  1.0
208  1.0
209  1.0
210  1.0
211  1.0
212  1.0
213  0.9989263067478463
214  0.9989398661421346
215  1.0
216  1.0
217  0.9987734430640184
218  0.9988768551945447
219  1.0
220  1.0
221  1.0
222  1.0
223  1.0
224  1.0
225  1.0
226  1.0
227  0.9989309735564431
228  0.9988872898832396
229  0.998948523361068
230  1.0
231  1.0
232  0.9990196078431373
233  1.0
234  1.0
235  1.0
236  1.0
237  0.9986441674698204
238  1.0
239  1.0
240  0.998894453843448
241  1.0
242  0.998837547224644
243  1.0
244  1.0
245  0.9988452857917666
246  0.9987612592684351
247  0.9986998383582824
248  0.9985743562327364
249  1.0
250  0.9981389917714244
251  1.0
252  1.0
253  1.0
254  1.0
255  1.0
256  0.9983136593591906
257  1.0
258  0.9988740887752375
259  0.9986600901040857
260  0.9988843436221644
261  1.0
262  0.9988288743059061
263  0.9989950985418675
264  0.9983822126353341
265  1.0
266  1.0
267  0.998586632974281
268  0.9990312372177133
269  0.9984065658219283
270  1.0
271  1.0
272  0.9987556938117987
273  1.0
274  1.0
275  1.0
276  1.0
277  1.0
278  0.9987080406849733
279  0.9985050898132549
280  1.0
281  1.0
282  0.9987275485733862
283  0.9988907513310984
284  1.0
285  1.0
286  0.9987786259541984
287  1.0
288  0.9990362826556924
289  1.0
290  1.0
291  0.9989340723764857
292  1.0
293  1.0
294  0.9989463446263576
295  0.9987969595887789
296  0.9988937135271179
297  0.9988929787175158
298  0.9983453459348796
299  0.9987158633678623
300  0.9982003947521189
301  1.0
302  0.9989915766994899
303  0.998200575815739
304  1.0
305  1.0
306  0.9988626233438874
307  0.9983232218529923
308  1.0
309  0.998619434595714
310  1.0
311  0.9987457276347559
312  1.0
313  1.0
314  0.9990555899306347
315  1.0
316  1.0
317  0.9990309106098579
318  0.9989286192580689
319  1.0
320  1.0
321  1.0
322  1.0
323  0.9986547243955111
324  0.999046845765524
325  0.9987160740397304
326  0.9987651630711121
327  1.0
328  0.9986801099908341
329  0.998849252013809
330  1.0
331  0.9986799924570997
332  0.9988533863323651
333  0.9986947174447175
334  0.999038128582971
335  1.0
336  0.9987555417282414
337  0.9986150132563016
338  1.0
339  1.0
340  1.0
341  0.9981175315108856
342  0.9988572827817002
343  0.9988935333169412
344  1.0
345  1.0
346  1.0
347  1.0
348  1.0
349  1.0
350  0.9983459562984243
351  0.9982765477926554
352  1.0
353  1.0
354  1.0
355  1.0
356  1.0
357  0.9987423141419788
358  0.998352088139743
359  0.9989355301522654
360  0.9981409095242635
361  0.9986712855312485
362  0.9987243090007087
363  0.9984061820816228
364  0.9986961560749469
365  1.0
366  0.9987461419753086
367  1.0
368  0.9986670616113744
369  0.9981678633325081
370  0.998588326924013
371  1.0
372  1.0
373  0.9986104907945015
374  0.9986977210117706
375  0.9981931339088537
376  1.0
377  1.0
378  0.9988891239949217
379  0.9986303534741611
380  0.9986244841815681
381  0.9988547744996455
382  1.0
383  1.0
384  0.9981066933957011
385  0.9982901268615554
386  0.9984395898350423
387  1.0
388  1.0
389  1.0
390  0.9981473976726684
391  1.0
392  1.0
393  1.0
394  1.0
395  1.0
396  0.9987983657774573
397  0.9984271022383545
398  0.998667393542916
399  1.0
400  0.9985192497532083
401  1.0
402  1.0
403  0.9981966896374058
404  0.9983316221765913
405  0.9987687921202696
406  0.9990122481232714
407  0.998862038958431
408  1.0
409  0.9983971148066519
410  0.9979342973279136
411  1.0
412  1.0
413  1.0
414  0.9976949152542373
415  0.9986999657885733
416  0.9983971008432644
417  1.0
418  0.9982312155087024
419  1.0
420  0.9985042735042735
421  0.998052369616966
422  0.9990535129231889
423  1.0
424  1.0
425  1.0
426  1.0
427  0.9984749123074577
428  1.0
429  1.0
430  0.9988253719655442
431  1.0
432  1.0
433  0.9981743133830767
434  0.9983190586728568
435  1.0
436  1.0
437  0.9983201343892488
438  1.0
439  1.0
440  0.9979347377116894
441  0.9982946793997272
442  0.9979886020784445
443  1.0
444  0.9988172678888232
445  0.9980652759084792
446  0.9974822017711408
447  0.9987085665088248
448  1.0
449  1.0
450  0.997341603898981
451  0.9970582827725685
452  0.9975231630125676
453  0.9972866766467066
454  1.0
455  1.0
456  0.9979081487116098
457  0.9982752012265236
458  1.0
459  0.9975768149655908
460  0.9975746992627086
461  0.9986537167035292
462  1.0
463  0.9976419728826882
464  0.9978945257669942
465  0.9986851421057955
466  0.9983900181122962
467  0.9983754695908214
468  1.0
469  0.9980418427290528
470  0.9976936785826607
471  0.9983282833559711
472  0.998188984766166
473  0.9991424589988209
474  0.9976575809199318
475  0.997650827549386
476  0.9979421639770388
477  1.0
478  1.0
479  1.0
480  1.0
481  0.9975408003577018
482  0.9985218874360432
483  1.0
484  0.9971072541166
485  0.9975197294250282
486  1.0
487  0.9972615244180739
488  0.9977942883677734
489  0.9975764570109636
490  0.9972511739777803
491  0.9974166275246594
492  0.9975671918443003
493  0.9978360182736234
494  1.0
495  0.99800796812749
496  0.9982300884955753
497  0.9971977582065652
498  0.9959615652416098
499  0.9968769519050593
500  1.0
501  0.9979205175600739
502  0.9973037747153984
