184  1.0
191  1.0
192  1.0
193  0.9972677595628415
194  0.9975308641975309
196  0.9975786924939467
197  0.9977973568281938
198  1.0
199  0.997716894977169
200  0.9960474308300395
201  0.9979123173277662
202  0.99581589958159
203  0.9979381443298969
204  0.996031746031746
205  1.0
206  0.9980582524271845
207  1.0
208  0.9941747572815534
209  1.0
210  1.0
211  1.0
212  1.0
213  0.9961612284069098
214  1.0
215  0.9961685823754789
216  0.9981132075471698
217  0.9965397923875432
218  0.9981203007518797
219  0.9931389365351629
220  0.9940239043824701
221  1.0
222  0.9982547993019197
223  0.9962962962962963
224  0.9966216216216216
225  0.9981515711645101
226  1.0
227  0.998158379373849
228  0.9981751824817519
229  0.9983579638752053
230  0.9952681388012619
231  0.998272884283247
232  1.0
233  1.0
234  0.9983974358974359
235  0.9983079526226735
236  1.0
237  0.9982817869415808
238  0.9968652037617555
239  0.9966996699669967
240  0.9983361064891847
241  1.0
242  0.9967373572593801
243  1.0
244  1.0
245  0.9949832775919732
246  0.9983974358974359
247  0.9984251968503937
248  0.9966996699669967
249  0.9969558599695586
250  0.9985486211901307
251  0.9985632183908046
252  1.0
253  0.9970544918998527
254  0.9954819277108434
255  0.9986376021798365
256  0.9983792544570502
257  1.0
258  0.9970014992503748
259  1.0
260  0.9985272459499264
261  1.0
262  0.9984520123839009
263  1.0
264  1.0
265  0.9972640218878249
266  0.9971509971509972
267  1.0
268  0.9986449864498645
269  0.9974651457541192
270  0.9986206896551724
271  1.0
272  0.9985775248933144
273  0.9972144846796658
274  1.0
275  1.0
276  1.0
277  1.0
278  0.9962406015037594
279  0.9987325728770595
280  1.0
281  0.998766954377312
282  1.0
283  1.0
284  0.9975874547647768
285  0.9987389659520807
286  1.0
287  0.9962264150943396
288  0.9987357774968394
289  0.9976133651551312
290  0.9987745098039216
291  0.9975520195838433
292  1.0
293  0.9987937273823885
294  1.0
295  0.9977900552486187
296  0.9989010989010989
297  0.9987893462469734
298  1.0
299  0.9954545454545455
300  1.0
301  0.9988109393579072
302  0.9988358556461001
303  0.9965792474344356
304  1.0
305  0.9956188389923329
306  0.9977900552486187
307  0.997920997920998
308  0.9988571428571429
309  1.0
310  0.9989785495403473
311  0.9967776584317938
312  1.0
313  0.9989795918367347
314  0.998017839444995
315  0.9979296066252588
316  0.9989350372736954
317  0.9978947368421053
318  0.9968782518210197
319  0.998003992015968
320  0.999003984063745
321  1.0
322  0.9990412272291467
323  0.998019801980198
324  0.9989658738366081
325  0.9981060606060606
326  0.9980430528375733
327  0.9960668633235005
328  0.9972627737226277
329  0.9990300678952473
330  0.9990645463049579
331  0.9990627928772259
332  1.0
333  1.0
334  0.9981220657276996
335  0.9982456140350877
336  0.9991204925241864
337  0.9980952380952381
338  1.0
339  0.9991150442477876
340  1.0
341  1.0
342  0.9990974729241877
343  1.0
344  0.9973404255319149
345  0.9991749174917491
346  0.9966527196652719
347  0.9974597798475868
348  0.998272884283247
349  0.9991694352159468
350  0.9991869918699187
351  1.0
352  0.9991694352159468
353  0.9984089101034208
354  0.9983579638752053
355  1.0
356  0.9983987189751802
357  0.9992469879518072
358  0.9984139571768438
359  0.9984544049459042
360  0.9992211838006231
361  0.9992716678805535
362  0.9970304380103935
363  1.0
364  1.0
365  0.9992867332382311
366  0.9985063480209111
367  0.9977272727272727
368  1.0
369  0.9979296066252588
370  0.9993016759776536
371  0.998589562764457
372  0.9993069993069993
373  0.9967866323907455
374  1.0
375  0.9985964912280701
376  0.9993192648059904
377  0.9980053191489362
378  0.9986728599867286
379  0.9986111111111111
380  0.997968855788761
381  0.9986684420772304
382  1.0
383  0.9974715549936789
384  0.998674618952949
385  0.9959812458137978
386  1.0
387  0.9985795454545454
388  1.0
389  0.9992952783650458
390  1.0
391  0.9985775248933144
392  1.0
393  0.9993284083277367
394  0.9993394980184941
395  0.9974699557242251
396  0.9987365761212887
397  0.9981662591687042
398  0.998812351543943
399  0.9988479262672811
400  0.9988564894225271
401  0.997689196995956
402  0.9994079336885732
403  0.9988833054159687
404  0.9994606256742179
405  0.9989106753812637
406  0.9972707423580786
407  0.9994407158836689
408  0.9983991462113126
409  0.9989206691851052
410  0.9994720168954594
411  0.9984110169491526
412  0.998949027850762
413  0.9979497693490518
414  0.9994941831057157
415  1.0
416  0.9994959677419355
417  0.9974987493746873
418  0.9989748846745259
419  0.9989795918367347
420  0.9995169082125603
421  0.9995085995085995
422  0.9990059642147118
423  0.9989852866565195
424  0.9990305380513815
425  0.9995387453874539
426  0.9990570485619991
427  0.9990403071017274
428  0.9981600735970562
429  0.9995381062355658
430  0.9995389580451821
431  0.9986000933271115
432  1.0
433  0.9995473064735174
434  0.9990962494351558
435  0.9991019308486754
436  0.9991300565463245
437  0.9995652173913043
438  0.9986950848194868
439  0.9991341991341991
440  0.999578947368421
441  0.9986818980667839
442  0.998326359832636
443  0.9986990459670425
444  0.9995728321230244
445  0.997586484312148
446  0.9995980707395499
447  1.0
448  0.9991971095945403
449  0.9984133280444268
450  0.9996007984031936
451  0.9996165644171779
452  0.9984573852680293
453  0.9992316557817903
454  0.9996332966629996
455  0.9992236024844721
456  0.9996219281663516
457  0.9984808203570072
458  0.9992606284658041
459  1.0
460  0.9988974641675854
461  0.9996445076430857
462  0.9992719330178377
463  0.9996402877697842
464  1.0
465  1.0
466  0.9996505939902166
467  0.9996609020006781
468  0.9993057965984034
469  0.9989590562109646
470  0.9989844278943805
471  0.9996635262449529
472  1.0
473  0.9980657640232108
474  0.9983692106979778
475  0.9993521218011014
476  0.9990651293237769
477  0.9977714103788602
478  1.0
479  0.9996871088861077
480  0.9987793713762587
481  0.9993836671802774
482  0.9985367281240854
483  1.0
484  0.9990988284770201
485  1.0
486  0.9985083532219571
487  0.9991346985866744
488  0.9994093325457767
489  0.9997014925373134
490  0.9988045427375971
491  0.9985628054038517
492  0.9991735537190083
493  0.9986214502343534
494  0.9994449070219261
495  0.9997216810464793
496  0.9986562751948401
497  0.9989077007099946
498  0.9997327632282202
499  0.9989364530709918
500  0.9981278416688955
501  0.9992189533975527
502  0.9994810586403736
503  0.9982138300586885
504  0.9992185464964835
505  1.0
506  0.999244142101285
507  0.998745294855709
508  0.9995166747220879
509  0.9985155863433943
510  0.9992623555446275
511  0.9980833732630571
512  0.9988023952095808
513  1.0
514  0.9988140417457305
515  0.9983424106085721
516  0.9995369298448715
517  0.9983926521239954
518  0.999338915821948
519  0.9979942054825051
520  0.9990976765170314
521  0.9986967854039965
522  0.9982006297795771
523  0.9991273996509599
524  0.9989182172219818
525  0.9993392070484581
526  0.9993553932101418
527  0.9987381703470032
528  1.0
529  1.0
530  0.9976758926684978
531  0.9995848899958489
532  0.9989565943238731
533  0.9986050219210841
534  0.9986069651741294
535  0.9992038216560509
536  0.9996108192255303
537  0.9988340458608628
538  0.9984301412872841
539  0.9988209864413441
540  0.9998038061604866
541  0.9973763118440779
542  0.9984732824427481
543  0.9994404029099049
544  0.9992559523809523
545  0.9987364620938628
546  0.9990742455100907
547  1.0
548  0.9989228007181329
549  1.0
550  0.9987745098039216
551  0.9994654312188168
552  1.0
553  1.0
554  0.9986366734832992
555  0.999138376701706
556  0.998805868304333
557  0.9982920580700256
558  0.998841059602649
559  1.0
560  0.9986852917009038
561  0.9996726677577742
562  0.998682042833608
563  0.9993425378040762
564  0.9988713318284425
565  1.0
566  0.9990302246646193
567  0.9987238794066039
568  1.0
569  0.9988995440968401
570  0.9987427314159988
571  1.0
572  0.99892605093587
573  0.9984503331783666
574  0.9992403524764509
575  0.9989398758140239
576  0.9975018368846437
577  1.0
578  0.999129677980853
579  0.9988555078683834
580  0.9983645554564377
581  0.9987270155586987
582  0.9977333899985834
583  0.99915611814346
584  0.9994396189408798
585  0.9987338210467079
586  0.9986076301865775
587  0.9986149584487535
588  0.9980753368160572
589  0.9971078363861727
590  0.9976699561403509
591  0.9980829795974258
592  0.9982517482517482
593  0.9982601713062098
594  0.997811516892354
595  0.999325600215808
596  0.9977390610453518
597  1.0
598  0.9981387928742356
599  0.9998664592713636
600  0.9981837052413077
601  0.9985611510791367
602  0.9980544747081712
603  0.9987163029525032
604  1.0
605  0.9984581780804317
606  0.9988504278962831
607  0.9983344010249839
608  0.9984769640817363
609  1.0
610  0.999626993491417
611  0.9980017484700887
612  0.9980714836718951
613  1.0
614  0.9990783410138249
615  0.9982662043211523
616  0.9981285924341665
617  0.9978494623655914
618  0.9978511952726296
619  0.9991785323110625
620  0.9987684729064039
621  1.0
622  0.9982795698924731
623  1.0
624  0.9994547959314272
625  0.9980195003046922
626  0.9987878787878788
627  0.9992583450231393
628  0.9980099502487563
629  0.9990056347364932
630  0.9984575835475579
631  0.9982357092448836
632  0.9970348406226834
633  0.9985801217038539
634  0.9982993197278912
635  1.0
636  0.9980506822612085
637  1.0
638  0.9978902953586498
639  0.9966777408637874
640  0.9731240981240981
