2 0.842636
3 0.904094
4 0.952490
5 0.963173
6 0.969716
7 0.950309
8 1.000000
9 0.990484
10 1.000000
11 0.978336
12 0.950625
13 1.000000
14 0.984360
15 1.000000
16 1.000000
17 0.959268
18 0.929515
19 0.967498
20 1.000000
21 1.000000
22 0.960430
23 0.964030
24 0.991935
25 0.958460
26 0.972222
27 1.000000
28 1.000000
470 1.000000
472 1.000000
473 1.000000
474 1.000000
475 1.000000
476 1.000000
477 1.000000
478 1.000000
479 0.968750
480 1.000000
481 1.000000
482 1.000000
483 1.000000
484 0.976022
485 0.974807
486 0.997451
487 0.986226
488 0.990612
489 0.952979
490 1.000000
491 0.980971
492 0.985347
493 0.993200
494 0.985703
495 0.982739
496 0.947036
497 0.993416
498 0.964806
499 0.966810
500 0.965257
501 1.000000
502 0.991444
503 0.983861
504 0.998124
505 0.945079
506 0.980889
507 0.946327
508 0.887219
509 0.896162
