15  1.0
16  1.0
17  1.0
18  0.992764629880566
19  0.9947687729293319
20  0.9922803186507433
21  0.9948173279499262
22  0.9967470962394768
23  0.9916911698100727
24  1.0
25  0.9942665040079413
26  0.9929801780562846
27  0.9971683780000075
28  1.0
29  0.9937402984756325
30  0.9965629199502538
31  0.9924497190166813
32  1.0
33  0.9996473979767382
34  0.9948129581315048
35  0.9968683404802335
36  0.9960317032477857
37  1.0
38  0.9891014457057268
39  0.9946178051664909
40  0.9926838189083511
41  0.9952484437150367
42  0.9975360287687434
43  0.9892427884105621
44  0.9910015249115284
45  0.9963529283850392
46  0.9967776881799264
47  0.9904292307748725
48  0.9935840379585258
49  0.9950458626185379
50  0.9905430419740544
51  0.9961458242989483
52  0.995458872855981
53  0.9957076066533369
54  0.9949384266166086
55  0.9944900239996539
56  0.9921106309665501
57  0.9992244900261742
58  1.0
59  0.9956675857451598
60  0.9963609826822287
61  0.9934546359043467
62  0.9941860293657937
63  0.9935268734261669
64  0.9889207605982319
65  0.9862791816592462
66  0.9918882425128255
67  0.9785707230030867
68  0.9900702435932797
69  0.9922471056966113
70  0.9932574043267123
71  0.9994337609587223
72  0.9934794510463786
73  1.0
74  0.9930480259434225
75  0.9920379602999463
76  0.9986827996329483
77  0.9880162551011583
78  0.9916496640576017
79  0.9989023583254663
80  0.9988780527968608
81  0.994423058898024
82  0.998829040453412
83  1.0
84  0.9997497295801596
85  0.9965448794216023
86  0.9944713503518239
87  0.9966441742428329
88  0.9973287878656522
89  1.0
90  0.9940534824125433
91  0.9968416220654446
92  0.9938537507053423
93  0.9925033473071199
94  0.9943196754638145
95  0.9955952785629834
96  0.9944152201293958
97  1.0
98  1.0
99  0.9928971312557875
100  0.9956841231272375
101  0.9942861332567215
102  0.9973503790071738
103  0.9893243451184465
104  0.9964370125968577
105  0.9937619864612908
106  0.9908399144994601
107  0.9957858118536943
108  0.9954952948004518
109  0.9914704541415599
110  0.9938576272795182
111  1.0
112  0.9985178348325177
113  1.0
114  0.9982447381022693
115  0.9958832025336463
116  0.9947821909180261
117  0.991724745724455
118  0.9934151947458946
119  1.0
120  0.9939500629212739
121  0.9984604355572241
122  1.0
123  0.993294446971369
124  0.9994553661113793
125  1.0
126  0.9924031489584928
127  1.0
128  0.9975038980979563
129  0.9944323796107148
130  1.0
131  1.0
132  1.0
133  1.0
134  1.0
135  1.0
136  1.0
137  1.0
138  1.0
139  1.0
140  1.0
141  1.0
142  1.0
143  0.9992870060107405
144  1.0
145  1.0
146  1.0
147  1.0
148  1.0
149  1.0
150  1.0
151  1.0
152  1.0
153  1.0
154  1.0
155  1.0
156  1.0
157  1.0
158  1.0
159  1.0
160  1.0
161  1.0
162  0.9778213825429073
163  0.9705569967254007
164  0.9829753366651921
165  0.9725649546717823
166  0.9679968614139326
167  0.9819954570844547
168  0.9927100742040772
169  1.0
170  1.0
171  0.9969909432657037
172  1.0
173  1.0
174  1.0
175  1.0
176  1.0
177  1.0
178  0.9992141381539869
179  1.0
180  1.0
181  1.0
182  1.0
183  1.0
184  1.0
185  0.9995199384235218
186  1.0
187  1.0
188  1.0
189  1.0
190  1.0
191  1.0
192  1.0
193  1.0
194  1.0
195  1.0
196  1.0
197  1.0
198  0.9968056424572768
199  1.0
200  1.0
201  1.0
202  1.0
203  1.0
204  1.0
205  0.9938639196002881
206  0.9907543707735444
207  0.9931427591631038
208  1.0
209  0.99827434690771
210  1.0
211  0.9928308797148907
212  1.0
213  1.0
214  0.9977321390216399
215  0.9925737717922768
216  0.9982231826109951
217  0.9940272701921243
218  0.9877963892721651
219  0.997208262122174
220  1.0
221  1.0
222  1.0
223  0.9945201837080009
224  1.0
225  1.0
226  0.9937259093417751
227  1.0
228  0.9981332381632168
229  0.9942608539518714
230  0.9885968516250963
231  1.0
232  1.0
233  0.9897286944174362
234  1.0
235  0.991943028958614
236  1.0
237  1.0
238  0.9957350881106884
239  0.9972745630755756
240  1.0
241  0.9917453228352674
242  0.9990221434760869
243  1.0
244  0.988444381520581
245  0.9877057971756508
246  1.0
247  0.9960014389775608
248  0.996951272380457
249  1.0
250  0.9988333570329669
251  0.996618498622109
252  0.9959587622677751
253  0.9889672361145498
254  1.0
255  0.999444262663108
256  0.9968649116952414
257  0.986786872927123
258  0.9911963705488053
259  0.9760071066427014
260  1.0
261  1.0
262  0.9960896570239487
263  0.9982581727491885
264  0.9934356024940053
265  0.9902974371287464
266  0.9939979854382535
267  1.0
268  0.9874935758916433
269  0.9980242878248333
270  1.0
271  0.9991158009519278
272  1.0
273  0.9915444782380931
274  1.0
275  1.0
276  1.0
277  0.9916642270488928
278  0.993901923419742
279  0.9879201294518719
280  1.0
281  0.9999432747333026
282  0.9888446842345441
283  0.9941920791332197
284  0.9914397250275321
285  0.9847358563850243
286  1.0
287  1.0
288  0.9926943197639478
289  0.9962266962064101
290  1.0
291  1.0
292  0.9794610992544176
293  0.9901973830553151
294  0.9833653002810419
295  0.9872248571729831
296  0.9967698958737169
297  0.9948880804764563
298  1.0
299  0.9938099514999101
300  0.9890664136039453
301  0.9960689284979265
302  0.9893845864457761
303  1.0
304  0.9910125769410247
305  0.9791639959314301
306  0.9837499019479222
307  1.0
308  0.9991836218234554
309  0.990230238787466
310  1.0
311  0.9825034179042332
312  0.9943122245051723
313  1.0
314  1.0
315  0.9901229225486652
316  1.0
317  0.9864734825596451
318  1.0
319  0.98523078552293
320  1.0
321  0.9513058740171388
322  0.932912845823054
323  1.0
324  0.9947822121525723
325  0.988202121443299
326  0.9926370577790737
327  0.9906706154073593
328  0.9945441333852216
329  0.986359213178564
330  1.0
331  0.999468093397344
332  0.9847302388493154
333  1.0
334  0.9817978428988956
335  0.9980755293542959
336  0.9968257275356955
337  0.9890977028914295
338  0.9795954782802838
339  0.9899037604705043
340  0.9905833551084401
341  0.9734796325088758
342  0.9986452540820073
343  0.9964067522900919
344  0.9928424490734524
345  0.9880006027757883
346  0.9882600239406456
347  0.9967152251566999
348  0.9728638646701119
349  0.991297789562473
350  0.9816549886960568
351  1.0
352  0.9771262956802185
353  1.0
354  0.9803620089918835
355  0.9852528327108125
356  1.0
357  0.9918904155873409
358  0.9894097626928995
359  0.9989757142277175
360  1.0
361  0.9820848417339645
362  0.99519606819229
363  1.0
364  0.9933079993307999
365  0.9951751736635458
366  0.9783041215776788
367  0.9994266679089618
368  1.0
369  0.9961494245738619
370  0.9996637636926851
371  0.9978294281553478
372  0.9998408017526969
373  0.9928478353171989
374  0.9869749679520537
375  0.9824756997745049
376  1.0
377  1.0
378  0.9983762030853162
379  0.9829775505016414
380  0.9790897559591556
381  0.9925216322783946
382  0.9932968412425649
383  0.9880523151542174
384  0.9887634373169691
385  0.9895536077345337
386  1.0
387  0.9702438807871072
388  0.9986675917512583
389  0.9909114838615982
390  0.9938763585368705
391  0.9839409791764644
392  0.9865367001960343
393  0.9965037283764762
394  0.9983274487414207
395  1.0
396  0.9906037428293784
397  0.986533079189098
398  0.9852830602290787
399  0.9823271553613838
400  1.0
401  0.9792751041991812
402  0.9723579749461422
403  0.9911862400671015
404  0.9949148006454142
405  0.9959467856739351
406  0.9847782431568852
407  0.9829149368201864
408  1.0
409  0.999591779839898
410  0.9966419736753444
411  0.982653760371404
412  0.9709605817068504
413  0.9846778935847574
414  0.990972932978249
415  0.9920411436462069
416  0.9975328991093979
417  0.9814140081883879
418  1.0
419  0.9789296028203879
420  0.9768395849231634
421  0.9859461897225201
422  0.9860928530594933
423  0.9977214270670831
424  0.9956695765305287
425  0.9703133584491013
426  0.974772497146445
427  0.9875285306033567
428  1.0
429  1.0
430  1.0
431  1.0
432  1.0
433  0.9985739537322222
434  0.9999481231533284
435  1.0
436  0.9914167805628906
437  0.9756458991044392
438  0.9807129004703544
439  0.9948448793582997
440  0.9929560609043587
441  0.9871734109699308
442  0.9840146508521401
443  0.9749827940735611
444  0.9835517844160167
445  1.0
446  0.9878900862068966
447  0.988853911021275
448  0.9898870139304877
449  0.9917967554331191
450  0.9849074376659361
451  1.0
452  0.991710487876132
453  0.9755700798725571
454  0.9820993834687933
455  1.0
456  1.0
457  1.0
458  0.986895659636396
459  0.9736140050240492
460  0.9915410187506793
461  1.0
462  0.9943189965381385
463  0.9972320012995568
464  1.0
465  0.9926916446385473
466  0.9837927589044316
467  0.9794480680744211
468  1.0
469  1.0
470  0.9902262178594775
471  0.9911307804336437
472  0.9955715799112393
473  1.0
474  1.0
475  0.986422561052534
476  0.9941685846690543
477  1.0
478  1.0
479  0.9785105722465592
480  0.9954148764769065
481  1.0
482  1.0
483  0.9925576450262475
484  1.0
485  1.0
486  0.9913735821154972
487  1.0
488  0.9814839934888769
489  0.9985588076441962
490  0.9696012156218391
491  1.0
492  1.0
493  1.0
494  0.9853180672607141
495  1.0
496  0.9912911785850215
497  0.9836174953621923
498  0.9807123472393736
499  1.0
500  0.9679088618471599
501  1.0
502  0.9916046735273636
503  0.9960574762433332
504  0.9893092951466302
505  0.9623174959910104
506  1.0
507  1.0
508  1.0
509  1.0
510  1.0
511  0.9813774464485069
512  1.0
513  0.9881841870831485
514  0.9877267596844682
515  0.9713831870826458
516  0.9943082457111235
517  0.992124102788013
518  1.0
519  1.0
520  0.9891944354577806
521  0.98643482408845
522  1.0
523  0.9978855842609503
524  0.9983578845689448
525  0.9748142273083495
526  1.0
527  0.99260373019646
528  1.0
529  1.0
530  1.0
531  1.0
532  1.0
533  0.9912965112151415
534  1.0
535  0.9839949146963007
536  1.0
537  0.981780873025743
538  0.9659605421373751
539  1.0
540  1.0
541  1.0
542  1.0
543  1.0
544  1.0
545  1.0
546  0.9768690941788867
547  1.0
548  0.9863993655939168
549  1.0
550  1.0
551  1.0
552  0.9867166514438548
553  1.0
554  1.0
555  1.0
556  1.0
557  1.0
558  0.9989321184289738
559  0.991279303333148
560  0.9910006312645306
561  0.996466178407337
562  0.9858396569614082
563  0.9900259044693268
564  0.9818625067138939
565  0.9827496325163231
566  1.0
567  0.9734177215189873
568  1.0
569  0.9955896752966982
570  1.0
571  1.0
572  0.9889493153975498
573  1.0
574  0.9842827453096148
575  0.9815942583732058
576  0.9879032258064516
577  1.0
578  1.0
579  0.9724589354081759
580  1.0
581  0.9950898178836467
582  0.982070037834172
583  1.0
584  1.0
585  0.9972005533085986
586  1.0
587  1.0
588  0.9824815754500422
589  0.9870505817526812
590  0.9843525063922133
591  0.9989849216797413
592  0.9931364463240153
593  1.0
594  1.0
595  0.9953721860538082
596  0.9959982758380956
597  0.9861655882817095
598  1.0
599  0.9736272136577908
600  1.0
601  1.0
602  0.9722934838378656
603  1.0
604  1.0
605  1.0
606  0.9847164543767574
607  0.9994509635419331
608  1.0
609  0.9982227060775583
610  0.9768234492160872
611  1.0
612  1.0
613  0.9879777772479077
614  0.9989724316738422
615  0.9891614647528925
616  1.0
617  1.0
618  0.9852968214312752
619  0.989557083581321
620  0.9863501693002257
621  0.9920859579256253
622  0.9730662983425414
623  1.0
624  0.9890877420676935
625  0.9887591708945512
626  1.0
627  1.0
628  1.0
629  0.9851656955297589
630  1.0
631  0.9988984962406016
632  1.0
633  0.9891637624026356
634  1.0
635  1.0
636  1.0
637  1.0
638  0.9853540438180162
639  0.9160414073908884
640  0.7310604530137617
