9 0.666667
10 1.000000
11 1.000000
12 1.000000
13 1.000000
14 0.978275
15 1.000000
16 0.991882
17 1.000000
18 1.000000
19 1.000000
20 1.000000
21 1.000000
22 1.000000
23 1.000000
24 1.000000
25 1.000000
26 1.000000
27 1.000000
28 1.000000
29 1.000000
30 0.997873
31 1.000000
32 1.000000
33 1.000000
34 1.000000
35 1.000000
36 0.993398
37 1.000000
38 1.000000
39 0.984439
40 1.000000
41 1.000000
42 0.996152
43 1.000000
44 1.000000
45 0.983871
46 0.987095
47 0.971749
48 0.960106
49 1.000000
50 1.000000
51 1.000000
52 0.955556
53 1.000000
54 0.975913
55 0.969559
56 0.966667
57 0.977137
58 1.000000
59 1.000000
60 0.961538
61 1.000000
62 1.000000
63 1.000000
64 1.000000
65 1.000000
66 1.000000
68 1.000000
69 1.000000
70 1.000000
416 0.000000
420 1.000000
421 1.000000
423 1.000000
424 1.000000
425 1.000000
426 1.000000
427 0.750000
428 1.000000
429 1.000000
430 1.000000
431 1.000000
432 1.000000
433 1.000000
434 1.000000
435 0.857143
436 1.000000
437 1.000000
438 0.928571
439 1.000000
440 0.944444
441 1.000000
442 0.986364
443 1.000000
444 1.000000
445 1.000000
446 0.989868
447 1.000000
448 0.957119
449 1.000000
450 1.000000
451 0.975927
452 1.000000
453 1.000000
454 0.989022
455 0.961312
456 0.997195
457 1.000000
458 1.000000
459 0.997408
460 0.993382
461 1.000000
462 1.000000
463 0.986590
464 0.988764
465 1.000000
466 0.989955
467 0.994109
468 1.000000
469 0.992667
470 0.999473
471 0.989055
472 1.000000
473 0.992413
474 1.000000
475 0.995263
476 0.985310
477 0.988025
478 0.989459
479 0.996704
480 0.995796
481 0.995916
482 1.000000
483 0.994070
484 1.000000
485 0.992008
486 0.998213
487 1.000000
488 0.994496
489 1.000000
490 0.996779
491 0.990771
492 1.000000
493 1.000000
494 0.990498
495 1.000000
496 1.000000
497 1.000000
498 1.000000
499 1.000000
500 0.981818
501 1.000000
