2 0.831657
3 0.891513
4 0.919744
5 0.965174
6 0.956606
7 0.946142
8 0.945626
9 0.971093
10 0.963616
11 0.973555
12 0.969912
13 0.990879
14 0.964418
15 0.981104
16 0.999255
17 0.987725
18 0.969577
19 1.000000
20 0.960674
21 1.000000
22 1.000000
23 1.000000
24 0.750000
25 1.000000
489 0.833333
490 0.943122
491 0.999657
492 1.000000
493 0.940058
494 0.930202
495 1.000000
496 1.000000
497 1.000000
498 0.986888
499 0.920841
500 0.943030
501 0.923402
502 0.900361
503 0.933256
504 0.966676
505 0.899866
506 0.913382
507 0.873585
508 0.864987
509 0.814532
