10 0.996633
11 1.000000
12 1.000000
13 0.992331
14 0.990672
15 0.997827
16 1.000000
17 0.991050
18 0.995487
19 0.985264
20 0.982662
21 0.988381
22 0.996706
23 0.997870
24 0.985204
25 0.980565
26 0.985933
27 0.983909
28 0.997564
29 0.986596
30 0.995220
31 0.987223
32 0.987520
33 0.974009
34 0.991746
35 0.977315
36 0.975344
37 0.972343
38 0.986800
39 0.975299
40 0.957088
41 0.953070
42 0.973102
43 0.965471
44 0.971597
45 0.967710
46 0.963517
47 0.948100
48 0.952909
49 0.983701
50 0.968162
51 0.960674
52 0.926200
53 0.954881
54 0.971544
55 0.962283
56 0.925099
57 0.906677
58 0.935780
59 0.951187
60 0.942817
61 0.951544
62 0.892857
63 0.953523
64 0.960625
65 1.000000
66 1.000000
67 1.000000
68 0.583333
69 1.000000
70 1.000000
446 0.500000
447 1.000000
448 1.000000
449 0.958333
450 0.918919
451 0.904762
452 0.989596
453 0.959052
454 0.958559
455 1.000000
456 0.985507
457 0.990016
458 0.942285
459 0.963027
460 0.950000
461 0.974548
462 1.000000
463 0.960883
464 0.984991
465 0.965760
466 1.000000
467 0.959733
468 0.963688
469 0.975540
470 0.958739
471 0.973586
472 0.967108
473 0.979941
474 0.971153
475 0.982884
476 0.973972
477 0.983506
478 0.969788
479 0.966849
480 0.993368
481 0.976956
482 0.991863
483 0.980656
484 0.977416
485 0.996524
486 0.969233
487 0.978254
488 1.000000
489 0.969454
490 0.977319
491 0.997457
492 0.987101
493 0.969496
494 0.967976
495 0.963372
496 0.990006
497 0.974167
498 1.000000
499 1.000000
500 1.000000
501 1.000000
