483  0.9977977610570747
484  0.9990984493328525
485  0.9973554301833568
486  0.9973531844499587
487  1.0
488  0.9975108898568762
489  0.9980579623543472
490  0.997253938430409
491  0.9974369351139889
492  0.9977953572818052
493  0.9966179490276603
494  1.0
495  0.9968185550082101
496  1.0
497  1.0
498  1.0
499  0.9974518474106273
500  1.0
501  1.0
502  0.9969174977334542
503  1.0
504  0.9971830985915493
505  1.0
506  1.0
507  0.9970770438879679
508  1.0
509  0.9973637279987594
510  1.0
511  1.0
512  1.0
513  0.9997326839483452
514  0.9998995470200868
515  1.0
516  1.0
517  0.9993996802353545
518  0.9990710433829911
519  0.9997049647395083
520  0.9991963415286272
521  1.0
522  0.9976313841598816
523  1.0
524  1.0
525  1.0
526  1.0
527  1.0
528  0.9990862213162484
529  1.0
530  1.0
531  1.0
532  0.998801495852872
533  0.9994690952242604
534  0.9980430222851339
535  1.0
536  0.9970792406025567
537  1.0
538  0.9984503438935007
539  1.0
540  1.0
541  1.0
542  1.0
543  0.9996970910004099
544  1.0
545  0.998745738269607
546  0.9994385051360692
547  0.9993453686528296
548  1.0
549  0.9994621102594115
550  1.0
551  1.0
552  1.0
553  1.0
554  1.0
555  1.0
556  0.9970812213226992
557  1.0
558  1.0
559  1.0
560  1.0
561  1.0
562  1.0
563  0.999349548359049
564  1.0
565  0.9988858977220443
566  1.0
567  1.0
568  1.0
569  1.0
570  0.9990265445358687
571  1.0
572  0.9996176564401492
573  1.0
574  0.9994173598387962
575  1.0
576  1.0
577  1.0
578  1.0
579  0.9983425598254956
580  1.0
581  0.9984466488102653
582  1.0
583  1.0
584  1.0
585  1.0
586  0.9999028880304988
587  1.0
588  1.0
589  1.0
590  1.0
591  1.0
592  1.0
593  1.0
594  1.0
595  1.0
596  1.0
597  1.0
598  1.0
599  1.0
600  1.0
601  1.0
602  1.0
603  1.0
604  1.0
605  1.0
606  1.0
607  1.0
608  1.0
609  1.0
610  1.0
611  1.0
612  1.0
613  1.0
614  1.0
615  1.0
616  0.9990471048822268
617  1.0
618  1.0
619  1.0
620  1.0
621  0.9993362390821667
622  1.0
623  1.0
624  1.0
625  1.0
626  1.0
627  1.0
628  1.0
629  0.9996840962435362
630  1.0
631  1.0
632  1.0
633  1.0
634  1.0
635  0.9985795463196118
636  0.9988045038977268
637  0.9995327997879988
638  0.996228648957996
639  0.9935921177772455
640  0.9876165940963236
