5 1.000000
6 1.000000
7 1.000000
8 0.975298
9 1.000000
10 0.998917
11 0.994077
12 0.996859
13 0.990695
14 1.000000
15 1.000000
16 0.990861
17 0.997875
18 1.000000
19 0.992858
20 1.000000
21 0.994581
22 0.996027
23 0.994724
24 0.998489
25 0.995754
26 1.000000
27 0.994250
28 0.996817
29 1.000000
30 1.000000
31 0.994522
32 1.000000
33 1.000000
34 1.000000
35 1.000000
36 0.984324
37 0.989833
38 0.991809
39 0.992163
40 1.000000
41 1.000000
42 1.000000
43 0.995149
44 1.000000
45 0.989045
46 0.996442
47 1.000000
48 0.985401
49 0.999743
50 1.000000
51 0.990246
52 1.000000
53 1.000000
54 0.990385
55 1.000000
56 0.978261
57 1.000000
58 1.000000
59 1.000000
60 0.992401
61 1.000000
62 1.000000
63 0.987767
64 1.000000
65 1.000000
66 0.982456
67 0.984848
68 1.000000
69 1.000000
70 0.989583
71 1.000000
72 1.000000
73 0.993939
74 0.992908
75 0.993056
76 1.000000
77 0.966102
78 1.000000
79 1.000000
80 0.988636
81 1.000000
82 0.983607
83 1.000000
84 1.000000
85 1.000000
86 1.000000
87 1.000000
88 0.500000
89 1.000000
400 0.727273
402 0.833333
403 0.918033
404 0.811321
406 1.000000
407 0.896552
409 0.817073
410 0.802817
411 1.000000
412 1.000000
413 0.840580
414 0.883117
415 0.954545
416 0.873418
417 1.000000
418 0.897619
419 0.891566
420 0.842697
421 0.951410
422 1.000000
423 0.876106
424 0.913386
425 0.941606
426 0.935065
427 0.885927
428 0.944828
429 0.961226
430 0.944698
431 0.942589
432 0.947706
433 0.986907
434 0.945355
435 0.922078
436 0.938742
437 0.940000
438 0.957447
439 0.939866
440 1.000000
441 0.958651
442 0.917051
443 0.913319
444 0.897959
445 0.959049
446 0.928108
447 0.940211
448 0.962651
449 0.952643
450 0.942748
451 0.977810
452 0.941696
453 0.906667
454 0.952488
455 0.996743
456 0.951932
457 0.962025
458 0.963545
459 0.979688
460 0.993888
461 0.930612
462 0.955200
463 0.949683
464 0.969653
465 0.992169
466 0.969630
467 0.987321
468 0.996563
469 0.968099
470 0.991194
471 0.964292
472 0.985481
473 0.986274
474 0.996559
475 0.979923
476 0.995716
477 0.992567
478 0.993064
479 0.991958
480 0.991038
481 1.000000
482 0.996221
483 0.995086
484 1.000000
485 0.989181
486 0.989504
487 0.985104
488 0.995117
489 0.989430
490 0.994974
491 0.996617
492 0.996332
493 1.000000
494 0.993418
495 0.995851
496 1.000000
497 1.000000
498 0.997022
499 1.000000
500 1.000000
501 1.000000
502 0.998328
503 0.900000
