2 0.697013
3 0.718433
4 0.745886
5 0.789513
6 0.843143
7 0.886955
8 0.910417
9 0.950673
10 0.943489
11 0.937026
12 0.953476
13 0.967349
14 0.973087
15 0.969325
16 0.962666
17 0.997376
18 0.959482
19 0.996347
20 1.000000
21 0.964059
22 1.000000
23 1.000000
24 0.925000
488 1.000000
489 0.913043
490 0.908046
491 1.000000
492 1.000000
493 0.947638
494 0.998968
495 0.956891
496 0.924797
497 0.879419
498 0.921024
499 0.979953
500 0.878537
501 0.930429
502 0.858986
503 0.832857
504 0.795730
505 0.700662
506 0.713162
507 0.708177
508 0.692196
509 0.713288
