5 1.000000
6 1.000000
7 1.000000
8 1.000000
9 0.995493
10 1.000000
11 0.993305
12 0.994830
13 1.000000
14 0.999657
15 1.000000
16 0.999302
17 1.000000
18 1.000000
19 1.000000
20 1.000000
21 1.000000
22 1.000000
23 1.000000
24 0.998822
25 0.991885
26 1.000000
27 0.998931
28 1.000000
29 1.000000
30 1.000000
31 1.000000
32 1.000000
33 1.000000
34 1.000000
35 1.000000
36 0.998809
37 0.995019
38 0.995147
39 1.000000
40 1.000000
41 1.000000
42 0.998750
43 1.000000
44 1.000000
45 0.986159
46 1.000000
47 0.996831
48 0.995595
49 0.998077
50 1.000000
51 1.000000
52 1.000000
53 0.993922
54 0.990099
55 1.000000
56 0.982857
57 1.000000
58 1.000000
59 1.000000
60 0.986712
61 0.996751
62 1.000000
63 0.970425
64 1.000000
65 1.000000
66 1.000000
67 0.990000
68 0.960346
69 0.995896
70 1.000000
71 1.000000
72 1.000000
73 0.983333
74 1.000000
75 1.000000
76 0.983607
77 1.000000
78 1.000000
79 1.000000
80 1.000000
81 1.000000
82 1.000000
83 1.000000
84 1.000000
85 1.000000
86 1.000000
87 1.000000
89 1.000000
400 0.500000
402 1.000000
403 0.941176
404 0.864865
406 1.000000
407 0.886364
409 0.880000
410 0.857143
411 0.978261
412 1.000000
413 0.857143
414 0.864865
415 0.982456
416 0.909091
417 0.969231
418 0.933908
419 0.866667
420 0.854167
421 0.897436
422 0.956811
423 0.939394
424 0.920635
425 0.913043
426 0.984375
427 0.993675
428 0.901408
429 0.984475
430 1.000000
431 0.962264
432 0.926573
433 0.875600
434 0.975904
435 0.956327
436 0.952359
437 1.000000
438 1.000000
439 0.948012
440 1.000000
441 0.934322
442 0.896552
443 0.952194
444 0.952756
445 0.964873
446 0.925833
447 0.932754
448 0.972892
449 0.963939
450 0.950000
451 0.972035
452 0.938380
453 0.945455
454 0.994956
455 0.958758
456 0.970238
457 0.970389
458 0.959011
459 0.977994
460 0.957499
461 0.993669
462 0.980088
463 0.973693
464 0.978105
465 0.967950
466 0.987922
467 0.985012
468 0.987370
469 0.976498
470 0.987179
471 0.985314
472 0.983424
473 1.000000
474 0.991019
475 0.985778
476 0.981572
477 0.998287
478 0.993280
479 0.988242
480 0.988294
481 0.996536
482 0.990529
483 1.000000
484 1.000000
485 0.989267
486 0.995524
487 0.987811
488 1.000000
489 0.995330
490 0.994153
491 0.998873
492 0.995510
493 1.000000
494 0.993092
495 0.996260
496 0.996288
497 1.000000
498 0.994458
499 1.000000
500 0.983952
501 0.952394
502 0.947140
503 0.800000
