2 0.769194
3 0.786222
4 0.749407
5 0.770835
6 0.836269
7 0.897863
8 0.931340
9 0.954037
10 0.954562
11 0.988163
12 0.972164
13 0.987939
14 0.974305
15 0.986130
16 0.985844
17 0.994060
18 0.998065
19 0.997376
20 0.980911
21 1.000000
22 1.000000
23 0.992316
24 0.986453
25 0.975141
26 0.963993
27 1.000000
28 0.974379
29 0.994063
30 0.993341
31 0.991319
32 1.000000
33 1.000000
34 0.990873
35 1.000000
36 0.984385
37 1.000000
38 1.000000
39 0.986049
40 0.937500
41 0.997537
42 1.000000
43 1.000000
44 1.000000
452 1.000000
456 1.000000
457 1.000000
458 1.000000
459 0.983333
460 0.946667
461 1.000000
462 0.933333
463 0.984615
464 1.000000
465 0.963415
466 0.959459
467 1.000000
468 0.986469
469 1.000000
470 0.947368
471 0.960751
472 0.991429
473 0.976383
474 0.979264
475 0.952312
476 0.992783
477 0.968655
478 0.985143
479 0.981841
480 0.987955
481 0.995770
482 1.000000
483 1.000000
484 0.969970
485 0.963257
486 0.991471
487 0.965352
488 0.971821
489 0.972952
490 0.995673
491 0.983379
492 0.971773
493 0.964347
494 0.967664
495 0.953471
496 0.979096
497 0.978280
498 0.961099
499 0.973091
500 0.954508
501 0.958522
502 0.940202
503 0.919953
504 0.909413
505 0.841886
506 0.799258
507 0.740177
508 0.790046
509 0.697624
