2 0.744107
3 0.730777
4 0.832193
5 0.827173
6 0.886992
7 0.928783
8 0.961691
9 0.989832
10 0.978691
11 0.972507
12 0.970395
13 0.989702
14 0.947069
15 0.984601
16 0.970583
17 0.964598
18 0.949662
19 0.966086
20 0.991287
21 1.000000
22 1.000000
23 0.940541
24 0.967246
25 1.000000
26 1.000000
27 0.894737
473 0.978947
474 0.978417
475 0.980519
476 0.983871
477 0.988701
478 0.995050
479 1.000000
480 0.980476
481 1.000000
482 0.977794
483 0.980474
484 0.978992
485 0.970539
486 0.970894
487 0.986616
488 0.973219
489 0.965301
490 0.963175
491 0.957526
492 0.970512
493 0.982473
494 0.965428
495 0.969875
496 0.981852
497 0.973287
498 0.970062
499 0.950136
500 0.954411
501 0.947730
502 0.947366
503 0.911800
504 0.923749
505 0.876902
506 0.829843
507 0.760169
508 0.734078
509 0.722527
