8 0.800000
9 1.000000
10 1.000000
11 0.983818
12 0.973334
13 0.976184
14 0.992016
15 0.989201
16 0.987862
17 0.994367
18 0.996305
19 0.988435
20 0.998707
21 0.985465
22 0.992165
23 1.000000
24 0.990284
25 0.992133
26 0.989770
27 1.000000
28 0.994650
29 1.000000
30 0.998818
31 0.999271
32 0.999931
33 0.997291
34 1.000000
35 0.998746
36 1.000000
37 0.999561
38 1.000000
39 0.990480
40 1.000000
41 0.998811
42 1.000000
43 0.994408
44 1.000000
45 1.000000
46 1.000000
47 1.000000
48 1.000000
49 1.000000
50 1.000000
51 1.000000
52 0.993377
53 1.000000
54 0.994048
55 0.993377
56 1.000000
57 1.000000
58 1.000000
59 1.000000
60 1.000000
61 0.985075
62 0.982759
63 1.000000
64 1.000000
65 1.000000
66 1.000000
67 1.000000
68 1.000000
69 1.000000
420 0.900000
421 1.000000
422 0.966102
423 0.971014
424 0.963415
426 0.941860
427 0.977528
428 0.989011
429 0.960526
430 1.000000
431 0.972603
432 0.958333
433 0.988764
434 0.982456
435 0.968085
436 0.947917
437 0.982456
438 0.944000
439 0.958333
440 0.939189
441 0.993506
442 0.970060
443 0.993289
444 1.000000
445 0.997672
446 1.000000
447 0.983529
448 1.000000
449 0.989081
450 1.000000
451 0.965812
452 0.991076
453 0.976378
454 0.972727
455 0.987015
456 0.986406
457 0.997431
458 0.985019
459 0.993455
460 0.997316
461 0.991669
462 1.000000
463 0.983138
464 0.981114
465 1.000000
466 0.993126
467 0.993988
468 0.997922
469 0.993905
470 0.984956
471 0.984474
472 0.990202
473 0.998095
474 1.000000
475 1.000000
476 1.000000
477 0.984978
478 1.000000
479 0.989142
480 0.983466
481 0.980966
482 1.000000
483 0.986014
484 0.993477
485 1.000000
486 0.999149
487 0.986921
488 0.969297
489 0.992282
490 0.982415
491 0.991302
492 0.994369
493 0.975723
494 0.975608
495 0.991916
496 0.951648
497 0.975660
498 0.957340
499 0.926923
500 0.905797
501 0.750000
