2 0.882289
3 0.840280
4 0.855768
5 0.878388
6 0.904599
7 0.930231
8 0.984336
9 0.973975
10 0.991906
11 1.000000
12 0.983302
13 0.985219
14 0.981418
15 0.981105
16 0.985429
17 0.987301
18 0.993176
19 1.000000
20 0.998198
21 0.980966
22 0.995825
23 0.989834
24 0.969496
25 1.000000
26 0.991552
27 1.000000
28 0.987263
29 0.985208
30 0.986799
31 1.000000
32 0.991547
33 0.997281
34 1.000000
35 0.987609
36 1.000000
37 0.989138
38 0.999050
39 0.976205
40 0.995338
41 1.000000
42 1.000000
43 1.000000
44 1.000000
45 1.000000
46 0.971014
47 0.976744
48 0.970588
49 1.000000
50 1.000000
51 1.000000
52 1.000000
53 1.000000
54 1.000000
459 1.000000
460 0.900000
461 1.000000
462 1.000000
463 0.983333
464 0.987500
465 0.990000
466 0.996503
467 1.000000
468 1.000000
469 0.989706
470 1.000000
471 1.000000
472 0.976673
473 0.994446
474 1.000000
475 0.986241
476 1.000000
477 1.000000
478 1.000000
479 1.000000
480 0.998410
481 1.000000
482 0.993070
483 1.000000
484 1.000000
485 0.980814
486 1.000000
487 0.975891
488 0.990530
489 0.990915
490 0.992728
491 0.990978
492 1.000000
493 1.000000
494 0.970528
495 0.995862
496 0.978946
497 0.980940
498 0.989927
499 0.996735
500 0.967844
501 0.955135
502 0.942275
503 0.921316
504 0.895736
505 0.797779
506 0.777628
507 0.778250
508 0.696232
509 0.664032
