7 0.812500
8 0.869565
9 0.948851
10 0.961946
11 0.980552
12 1.000000
13 0.997290
14 0.990485
15 0.995637
16 0.993744
17 0.997760
18 0.987496
19 0.992798
20 0.995939
21 0.986225
22 0.998818
23 0.994695
24 0.992424
25 0.992999
26 0.998664
27 0.984925
28 0.995496
29 0.988207
30 0.987219
31 0.993322
32 0.989578
33 0.989145
34 0.993607
35 0.981489
36 0.972875
37 0.981931
38 0.966930
39 0.970438
40 0.972184
41 0.954342
42 0.971891
43 0.985915
44 0.977236
45 0.955203
46 0.948791
47 0.978223
48 0.983109
49 0.964294
50 0.969925
51 0.963302
52 0.955793
53 0.969778
54 0.948053
55 0.946105
56 0.938182
57 0.921875
58 0.916894
59 0.981036
60 0.903333
61 0.938482
62 0.937591
63 0.931624
64 0.964317
65 0.903766
66 0.905778
67 0.926267
68 0.986619
69 0.928426
70 0.898551
71 0.923077
72 0.877778
73 0.905427
74 0.898814
75 0.865854
76 0.900000
77 0.855346
78 0.893333
79 0.924528
80 0.924305
81 0.897542
82 0.891892
83 0.956044
84 0.875862
85 0.839416
86 0.921429
87 0.857143
88 0.882979
89 0.882716
90 0.872611
91 0.962222
92 0.888755
93 0.910561
94 0.929412
95 0.884615
96 0.739130
97 0.933333
98 1.000000
99 0.888889
100 1.000000
414 1.000000
415 1.000000
416 1.000000
417 0.956522
418 0.983333
419 1.000000
420 1.000000
421 1.000000
422 0.991525
423 1.000000
424 0.991071
425 1.000000
426 1.000000
427 0.993333
428 1.000000
429 0.993827
430 1.000000
431 1.000000
432 1.000000
433 1.000000
434 1.000000
435 1.000000
436 0.995122
437 1.000000
438 0.986175
439 1.000000
440 1.000000
441 1.000000
442 0.996124
443 1.000000
444 0.982143
445 0.996633
446 0.993115
447 1.000000
448 1.000000
449 1.000000
450 0.999397
451 1.000000
452 0.993966
453 1.000000
454 0.998265
455 1.000000
456 1.000000
457 0.992063
458 0.991182
459 1.000000
460 0.991349
461 0.994333
462 1.000000
463 0.994689
464 1.000000
465 0.999357
466 1.000000
467 1.000000
468 0.985090
469 0.999679
470 0.990330
471 1.000000
472 0.988440
473 1.000000
474 0.996629
475 1.000000
476 0.998527
477 0.998725
478 1.000000
479 1.000000
480 0.999908
481 1.000000
482 0.997634
483 0.990855
484 0.995384
485 1.000000
486 0.997601
487 0.993122
488 0.995996
489 1.000000
490 0.995667
491 0.999067
492 0.995899
493 0.998389
494 0.999506
495 0.998428
496 0.990804
497 1.000000
498 0.998532
499 1.000000
500 0.977786
501 1.000000
502 1.000000
503 1.000000
