7 0.875000
8 0.887324
9 1.000000
10 0.975936
11 0.993493
12 0.999379
13 0.994902
14 0.991177
15 0.994548
16 0.992793
17 0.997477
18 0.993182
19 0.990303
20 0.996213
21 0.992680
22 0.996489
23 0.997127
24 0.994972
25 0.989941
26 0.997687
27 0.986330
28 1.000000
29 0.988393
30 0.989173
31 0.980344
32 0.991606
33 0.992540
34 0.989644
35 0.975373
36 0.998649
37 0.979626
38 0.970889
39 0.986111
40 0.965283
41 0.986264
42 0.980743
43 0.983586
44 0.957409
45 0.960543
46 0.978709
47 0.980831
48 0.996418
49 0.981420
50 0.953271
51 0.971076
52 0.959232
53 0.960906
54 0.965669
55 0.948980
56 0.957396
57 0.950549
58 0.948953
59 0.959589
60 0.939394
61 0.974082
62 0.967027
63 0.924812
64 0.941146
65 0.912409
66 0.910768
67 0.942308
68 0.928207
69 0.951923
70 0.890307
71 0.927083
72 0.888889
73 0.785634
74 0.888889
75 0.892857
76 0.896104
77 0.901235
78 0.882353
79 0.827957
80 0.884474
81 0.870397
82 0.894737
83 0.940229
84 0.835443
85 0.885246
86 0.939661
87 0.826087
88 0.929577
89 0.909091
90 0.894118
91 0.915926
92 0.917347
93 0.906803
94 0.939394
95 0.888889
96 1.000000
97 1.000000
98 1.000000
99 0.500000
100 1.000000
102 0.000000
413 1.000000
415 1.000000
416 1.000000
417 1.000000
418 1.000000
419 0.977778
420 1.000000
421 1.000000
422 1.000000
423 1.000000
424 1.000000
425 1.000000
426 1.000000
427 1.000000
428 1.000000
429 1.000000
430 1.000000
431 0.985294
432 1.000000
433 1.000000
434 1.000000
435 0.990099
436 1.000000
437 0.971154
438 1.000000
439 0.985714
440 0.996130
441 1.000000
442 0.973913
443 1.000000
444 0.993056
445 0.977099
446 0.992996
447 1.000000
448 1.000000
449 1.000000
450 1.000000
451 1.000000
452 0.991170
453 1.000000
454 1.000000
455 0.986772
456 1.000000
457 0.996324
458 0.991667
459 1.000000
460 0.998209
461 0.992068
462 1.000000
463 1.000000
464 1.000000
465 1.000000
466 1.000000
467 1.000000
468 0.985186
469 1.000000
470 0.994911
471 1.000000
472 0.992099
473 1.000000
474 0.999963
475 1.000000
476 1.000000
477 0.998247
478 1.000000
479 1.000000
480 0.999739
481 1.000000
482 0.998265
483 0.993545
484 0.999266
485 1.000000
486 1.000000
487 0.998113
488 0.997703
489 1.000000
490 0.999819
491 1.000000
492 0.997567
493 1.000000
494 1.000000
495 0.999263
496 0.994461
497 1.000000
498 0.984533
499 0.992602
500 0.936544
501 1.000000
502 1.000000
