8 1.000000
9 0.934783
10 0.999425
11 1.000000
12 0.988688
13 0.982235
14 0.989477
15 0.995888
16 0.988876
17 0.995317
18 0.992366
19 0.987358
20 0.994805
21 0.995044
22 0.994048
23 1.000000
24 0.990614
25 0.991205
26 0.991331
27 1.000000
28 0.993403
29 0.997167
30 0.992702
31 0.988872
32 1.000000
33 1.000000
34 1.000000
35 1.000000
36 0.988700
37 0.994997
38 1.000000
39 0.990881
40 1.000000
41 1.000000
42 1.000000
43 0.987813
44 0.994320
45 1.000000
46 0.999224
47 1.000000
48 0.997453
49 0.987607
50 0.985337
51 1.000000
52 0.990991
53 1.000000
54 0.992701
55 1.000000
56 0.989950
57 1.000000
58 1.000000
59 1.000000
60 1.000000
61 0.992248
62 1.000000
63 1.000000
64 1.000000
65 1.000000
66 1.000000
67 1.000000
68 1.000000
420 0.958333
421 1.000000
422 0.977528
423 0.967213
424 0.975000
426 0.972414
427 0.963855
428 0.975309
429 0.970760
430 1.000000
431 0.980952
432 0.966851
433 0.967033
434 0.978836
435 0.960591
436 0.965066
437 0.976190
438 0.975845
439 0.964286
440 0.969466
441 0.973684
442 0.968750
443 0.974922
444 0.990260
445 0.993406
446 0.992192
447 0.992778
448 0.992137
449 0.994533
450 1.000000
451 0.980149
452 0.971508
453 0.962441
454 0.981855
455 1.000000
456 0.974120
457 0.992144
458 0.981328
459 0.993292
460 0.990431
461 0.984592
462 0.984942
463 0.979897
464 0.983586
465 1.000000
466 0.997446
467 0.996081
468 0.984368
469 0.999112
470 0.985746
471 0.990555
472 0.990470
473 0.992403
474 1.000000
475 0.988731
476 1.000000
477 0.982321
478 0.998357
479 0.995430
480 0.983892
481 0.991071
482 1.000000
483 0.996923
484 0.993234
485 1.000000
486 1.000000
487 0.986776
488 0.991593
489 0.991364
490 0.983738
491 1.000000
492 0.994541
493 0.985566
494 0.973055
495 0.997281
496 0.976338
497 0.994869
498 0.990982
499 0.994727
500 1.000000
501 0.958333
