2 1.000000
3 0.996592
4 1.000000
5 0.995878
6 0.972681
7 0.971429
8 0.992369
9 0.977176
10 0.983517
11 0.997201
12 0.974565
13 0.981910
14 0.975425
15 0.978537
16 0.979548
17 0.987852
18 0.987636
19 0.990763
20 1.000000
21 0.994985
22 0.982939
23 0.976991
24 0.977053
25 0.994051
26 0.990215
27 0.993386
28 0.979476
29 0.991174
30 0.980707
31 0.986753
32 0.986026
33 0.991294
34 1.000000
35 0.994036
36 0.991078
37 1.000000
38 0.988100
39 0.984758
40 0.998723
41 0.995292
42 0.990253
43 0.996220
44 0.982076
45 0.992578
46 0.981949
47 0.985663
48 0.967033
49 1.000000
50 0.974790
51 0.979592
52 0.960000
53 1.000000
54 1.000000
459 0.750000
460 0.913043
461 1.000000
462 1.000000
463 0.959302
464 0.970297
465 0.994737
466 0.992102
467 1.000000
468 1.000000
469 1.000000
470 1.000000
471 0.996979
472 0.983349
473 1.000000
474 0.988654
475 0.978972
476 0.989756
477 0.996735
478 1.000000
479 0.986453
480 0.990511
481 0.989267
482 0.990114
483 0.984104
484 1.000000
485 0.988332
486 0.998399
487 0.981365
488 0.974028
489 0.971308
490 1.000000
491 0.964337
492 0.998248
493 0.988807
494 0.971917
495 0.980143
496 0.966464
497 0.979496
498 0.971080
499 0.979304
500 0.978341
501 0.969958
502 0.957386
503 0.961064
504 0.965368
505 0.953102
506 0.989499
507 1.000000
508 0.963791
509 0.755245
