2 0.921137
3 0.913772
4 0.918155
5 0.926522
6 0.929437
7 0.950978
8 0.939772
9 0.955418
10 0.965218
11 0.958084
12 0.959550
13 0.980952
14 0.993475
15 0.969988
16 0.975585
17 0.996441
18 0.958521
19 0.998664
20 0.982678
21 0.981306
22 1.000000
23 0.946667
24 0.928571
488 0.000000
489 1.000000
490 0.819444
491 0.987551
492 0.981716
493 0.937097
494 1.000000
495 0.953250
496 0.941873
497 0.921436
498 0.939286
499 0.991251
500 0.910267
501 0.948151
502 0.936759
503 0.935869
504 0.948399
505 0.890960
506 0.912883
507 0.913421
508 0.912280
509 0.917638
