9 1.000000
10 1.000000
11 0.962545
12 0.982644
13 0.995947
14 0.996455
15 0.992765
16 0.993898
17 0.991601
18 0.993170
19 0.994037
20 0.994094
21 0.994104
22 1.000000
23 1.000000
24 0.987432
25 0.993450
26 0.992496
27 0.998215
28 0.991628
29 0.995962
30 1.000000
31 0.999527
32 0.998662
33 1.000000
34 1.000000
35 0.996944
36 1.000000
37 0.996967
38 0.996417
39 0.994349
40 1.000000
41 0.992237
42 1.000000
43 0.995514
44 1.000000
45 1.000000
46 0.997446
47 1.000000
48 0.983673
49 0.994552
50 1.000000
51 1.000000
52 0.987788
53 1.000000
54 0.995186
55 1.000000
56 0.988476
57 1.000000
58 0.972362
59 0.995067
60 0.998677
61 0.970149
62 1.000000
63 0.982659
64 0.991525
65 0.971429
66 0.973684
67 1.000000
68 1.000000
447 1.000000
448 0.933333
449 1.000000
450 0.949495
451 0.952055
452 0.986667
453 1.000000
454 0.987212
455 0.990698
456 0.988003
457 0.980000
458 0.998945
459 0.999609
460 0.990264
461 0.969492
462 0.994692
463 1.000000
464 0.997997
465 0.989362
466 0.989523
467 1.000000
468 1.000000
469 1.000000
470 1.000000
471 1.000000
472 1.000000
473 0.990906
474 0.991458
475 1.000000
476 0.992789
477 1.000000
478 0.998825
479 0.984772
480 0.998486
481 0.988033
482 0.986851
483 0.991132
484 0.984408
485 0.988579
486 0.974028
487 0.988222
488 0.997370
489 0.987100
490 0.993307
491 0.987252
492 0.972857
493 0.990991
494 0.980158
495 0.983143
496 0.979018
497 0.972922
498 0.977740
499 0.973034
500 0.945000
501 0.818182
