2 1.000000
3 1.000000
4 0.957868
5 0.954592
6 0.954389
7 0.958764
8 0.963006
9 0.973670
10 0.963528
11 0.982621
12 0.967011
13 0.987334
14 0.974567
15 0.975107
16 0.979032
17 0.988851
18 0.981645
19 0.972325
20 0.973049
21 0.972337
22 0.970147
23 0.989776
24 0.972381
25 0.974114
26 0.975726
27 1.000000
28 0.991408
29 0.997678
30 0.999743
31 0.985531
32 1.000000
33 1.000000
34 1.000000
35 1.000000
36 0.992375
37 1.000000
38 0.950000
39 0.978493
40 0.975207
41 1.000000
42 1.000000
43 0.888889
44 1.000000
45 1.000000
450 1.000000
452 1.000000
456 0.973684
457 1.000000
458 1.000000
459 0.980263
460 0.976048
461 1.000000
462 0.953846
463 0.961538
464 0.978261
465 0.951389
466 0.949153
467 1.000000
468 0.940895
469 1.000000
470 0.959184
471 0.935255
472 0.959527
473 0.969721
474 0.982362
475 0.959088
476 0.968728
477 0.948741
478 0.975511
479 0.961138
480 0.966296
481 0.985033
482 0.983522
483 0.967848
484 0.992914
485 0.939736
486 0.965789
487 0.958862
488 0.962900
489 0.977001
490 0.976428
491 0.987691
492 0.966335
493 0.931081
494 0.940425
495 0.952726
496 0.969477
497 0.963216
498 0.969351
499 0.949613
500 0.945403
501 0.942451
502 0.947336
503 0.949756
504 0.968301
505 0.945424
506 0.966022
507 0.958168
508 1.000000
509 0.958533
