2 0.982060
3 0.959762
4 0.981816
5 0.962654
6 0.974955
7 0.986889
8 0.982566
9 0.991377
10 0.992284
11 0.993976
12 0.968875
13 0.990979
14 0.964410
15 1.000000
16 0.988628
17 0.998540
18 0.977551
19 0.977648
20 1.000000
21 0.987671
22 0.998919
23 0.969605
24 0.965324
25 0.969970
26 1.000000
27 0.875000
473 1.000000
474 0.966507
475 0.981343
476 0.972561
477 0.984520
478 0.970588
479 1.000000
480 1.000000
481 1.000000
482 0.986681
483 0.986175
484 0.979391
485 0.969489
486 0.960143
487 0.991063
488 0.983474
489 0.963015
490 0.967171
491 0.977154
492 0.967294
493 0.993963
494 0.974590
495 0.964342
496 0.975337
497 0.976379
498 0.968082
499 0.964910
500 0.954134
501 0.948052
502 0.957300
503 0.944615
504 0.955329
505 0.951854
506 0.945450
507 0.945445
508 0.959568
509 0.984945
