9 1.000000
10 1.000000
11 0.917240
12 0.953702
13 0.995749
14 0.995468
15 0.987968
16 0.997103
17 0.981317
18 0.992404
19 0.995432
20 0.990884
21 0.995720
22 0.990408
23 1.000000
24 0.997402
25 0.991634
26 0.990644
27 1.000000
28 0.990366
29 0.998188
30 0.999868
31 1.000000
32 1.000000
33 1.000000
34 1.000000
35 0.991092
36 1.000000
37 1.000000
38 1.000000
39 1.000000
40 1.000000
41 1.000000
42 1.000000
43 0.997191
44 1.000000
45 1.000000
46 1.000000
47 1.000000
48 0.995615
49 0.994121
50 0.996438
51 1.000000
52 0.997130
53 0.996619
54 1.000000
55 1.000000
56 0.991457
57 0.998104
58 0.973684
59 0.982184
60 1.000000
61 0.967532
62 1.000000
63 0.989474
64 0.965116
65 0.931034
66 0.972222
67 0.900000
68 0.947368
447 1.000000
448 1.000000
449 0.981481
450 0.984375
451 1.000000
452 0.965217
453 1.000000
454 0.975342
455 0.969925
456 0.993856
457 1.000000
458 1.000000
459 0.998410
460 0.993247
461 0.985507
462 0.960601
463 1.000000
464 1.000000
465 0.994652
466 1.000000
467 0.988984
468 0.988627
469 1.000000
470 1.000000
471 1.000000
472 0.998701
473 0.991496
474 0.998670
475 1.000000
476 0.991237
477 1.000000
478 0.993290
479 0.975462
480 0.991370
481 0.978512
482 0.999082
483 0.981059
484 0.980797
485 0.975744
486 0.969616
487 0.984965
488 0.994591
489 0.974268
490 0.987327
491 0.992509
492 0.974611
493 0.975749
494 0.975008
495 0.955848
496 0.945752
497 0.950152
498 0.936534
499 0.859376
500 0.787090
501 0.750000
